##---File: sp/PHR1731-2216_6D220701HD.fits
#angstro      ---    
#Wavelen     Value   
 6262.0  0.00000e+00
 6262.8  0.00000e+00
 6263.6  0.00000e+00
 6264.4  0.00000e+00
 6265.2  0.00000e+00
 6266.0  0.00000e+00
 6266.8  0.00000e+00
 6267.6  0.00000e+00
 6268.4  0.00000e+00
 6269.2 -5.77410e+01
 6270.0 -7.30078e+01
 6270.8 -2.06530e+01
 6271.6  5.97755e-01
 6272.3  1.10937e+00
 6273.1 -1.57001e+00
 6273.9 -8.26324e-01
 6274.7  6.86326e+00
 6275.5  6.87927e-01
 6276.3  8.32423e+00
 6277.1 -3.75587e-01
 6277.9 -6.28133e+00
 6278.7  4.87045e+00
 6279.5  8.86834e+00
 6280.3  1.15223e+01
 6281.1  9.53712e-01
 6281.9  3.21548e-01
 6282.7  8.42187e+00
 6283.5  4.77066e-02
 6284.3 -5.24702e+00
 6285.0 -2.82139e+00
 6285.8 -1.33842e+01
 6286.6  4.99545e+00
 6287.4 -4.81979e-01
 6288.2  1.30518e+01
 6289.0  6.32567e+00
 6289.8  2.89771e+00
 6290.6  8.34622e+00
 6291.4  8.90694e+00
 6292.2  4.19116e+00
 6293.0  5.16446e+00
 6293.8  6.13775e+00
 6294.6  7.11104e+00
 6295.4  8.08434e+00
 6296.2  9.05763e+00
 6297.0  1.00309e+01
 6297.7  1.10042e+01
 6298.5  1.19775e+01
 6299.3  1.29508e+01
 6300.1  1.39241e+01
 6300.9  1.48974e+01
 6301.7  1.58707e+01
 6302.5  1.68440e+01
 6303.3  1.78173e+01
 6304.1  1.87906e+01
 6304.9  1.97639e+01
 6305.7  2.07372e+01
 6306.5  2.17105e+01
 6307.3  2.26837e+01
 6308.1  1.05596e+01
 6308.9  1.58913e+01
 6309.7  1.59929e+00
 6310.5 -1.45491e+01
 6311.2  5.02689e+00
 6312.0  1.70722e+00
 6312.8  4.86625e+00
 6313.6  1.14943e+01
 6314.4  1.03721e+01
 6315.2  1.30797e+01
 6316.0  9.43670e+00
 6316.8  9.21814e-01
 6317.6  5.80788e-01
 6318.4  9.61117e+00
 6319.2  1.02634e+01
 6320.0  9.06548e-01
 6320.8  1.45129e+01
 6321.6  1.56935e+00
 6322.4  6.48883e+00
 6323.2  1.05504e+01
 6323.9  8.68359e+00
 6324.7  1.00867e+01
 6325.5 -1.31583e+00
 6326.3  1.13596e+01
 6327.1  1.03545e+01
 6327.9  4.46257e+00
 6328.7  6.07472e+00
 6329.5  1.51266e+01
 6330.3  3.09502e+01
 6331.1  9.24330e+00
 6331.9  1.60304e+01
 6332.7  9.19772e+00
 6333.5 -1.52721e+00
 6334.3 -4.97794e+00
 6335.1 -7.72537e-01
 6335.9 -3.14455e+00
 6336.6  2.90997e+00
 6337.4  2.63004e+01
 6338.2  2.55343e+01
 6339.0  5.76566e+00
 6339.8  1.55772e+00
 6340.6  1.59397e+01
 6341.4  4.64684e+00
 6342.2  5.96201e+00
 6343.0  2.18840e+01
 6343.8  1.87976e+01
 6344.6  6.90479e+00
 6345.4  7.99861e+00
 6346.2  1.04450e+01
 6347.0  3.33546e+00
 6347.8  1.74103e+01
 6348.6  9.17976e+00
 6349.3  2.37373e+00
 6350.1  2.05552e+01
 6350.9  2.65207e+01
 6351.7  1.19586e+01
 6352.5  1.40981e+01
 6353.3  1.28918e+01
 6354.1 -2.85826e+00
 6354.9 -1.54049e+01
 6355.7 -3.00583e+00
 6356.5  1.15513e+01
 6357.3  2.23904e+01
 6358.1  2.16012e+01
 6358.9  2.08119e+01
 6359.7  2.00226e+01
 6360.5  1.92334e+01
 6361.3  1.84441e+01
 6362.0  1.76548e+01
 6362.8  1.68656e+01
 6363.6  1.60763e+01
 6364.4  1.52870e+01
 6365.2  1.44977e+01
 6366.0  1.37085e+01
 6366.8  1.29192e+01
 6367.6  1.21299e+01
 6368.4  1.13407e+01
 6369.2  1.88790e+00
 6370.0  5.31553e+00
 6370.8  1.76958e+01
 6371.6  9.44017e+00
 6372.4  1.09608e+01
 6373.2 -2.58835e-01
 6374.0  7.95434e+00
 6374.7 -6.14689e+00
 6375.5  1.01177e+01
 6376.3  1.07103e+01
 6377.1 -7.21543e+00
 6377.9  5.75073e-01
 6378.7  9.01964e+00
 6379.5  6.76473e+00
 6380.3  1.62497e+01
 6381.1  1.58937e+01
 6381.9  1.16558e+01
 6382.7  1.34498e+01
 6383.5  1.25559e+01
 6384.3  1.36845e+01
 6385.1  1.03349e+01
 6385.9  4.10812e-01
 6386.7  1.99245e+01
 6387.4  2.11195e+01
 6388.2  1.73742e+01
 6389.0  1.63581e+01
 6389.8  3.68819e+00
 6390.6  9.67046e+00
 6391.4  1.92167e+01
 6392.2  1.16212e+01
 6393.0  1.77672e+01
 6393.8  2.55034e+01
 6394.6  1.57659e+01
 6395.4  1.65277e+01
 6396.2  2.37218e+01
 6397.0  1.02977e+01
 6397.8  9.45563e+00
 6398.6  8.79391e+00
 6399.4 -1.70698e+00
 6400.1  1.52003e+01
 6400.9  1.77797e+01
 6401.7  4.84264e+00
 6402.5  6.32455e+00
 6403.3  4.11796e+00
 6404.1  4.47805e+00
 6404.9  5.83624e+00
 6405.7  3.79788e+00
 6406.5  9.86741e+00
 6407.3  1.97059e+01
 6408.1  9.12618e+00
 6408.9  1.60808e+01
 6409.7  5.58641e+00
 6410.5  4.44049e+00
 6411.3  1.32741e+01
 6412.1  8.90495e+00
 6412.8  5.37510e+00
 6413.6  1.00597e+01
 6414.4  1.09272e+01
 6415.2  1.53234e+01
 6416.0  3.42257e+01
 6416.8  1.33243e+01
 6417.6  1.49830e+01
 6418.4  1.82758e+01
 6419.2  5.02252e+00
 6420.0 -1.69687e+01
 6420.8  2.88002e+00
 6421.6 -4.01718e-01
 6422.4  1.36632e+01
 6423.2  1.28966e+01
 6424.0  1.13304e+01
 6424.8  1.41884e+01
 6425.5  4.49319e+00
 6426.3  1.11170e+01
 6427.1  4.57609e+00
 6427.9 -4.91940e+00
 6428.7 -1.99819e+00
 6429.5  3.87408e+00
 6430.3  8.46710e+00
 6431.1  1.44612e+01
 6431.9  2.05591e+01
 6432.7  1.68070e+01
 6433.5  6.45111e+00
 6434.3  1.87948e+01
 6435.1  1.60004e+01
 6435.9  1.12337e+01
 6436.7  4.84261e+00
 6437.5 -3.14793e+00
 6438.2  4.58767e+00
 6439.0  1.16318e+01
 6439.8  7.71892e+00
 6440.6  1.72390e+01
 6441.4  2.04104e+01
 6442.2  8.79430e+00
 6443.0 -1.91335e+00
 6443.8  8.90049e+00
 6444.6  1.67612e+01
 6445.4  1.49852e+01
 6446.2  1.46655e+01
 6447.0  7.81551e+00
 6447.8  3.04140e+00
 6448.6 -1.36082e+00
 6449.4  1.17121e+01
 6450.2  1.43412e+01
 6450.9  1.10357e+01
 6451.7  1.42895e+01
 6452.5  1.94339e+01
 6453.3  3.96309e-01
 6454.1  4.12185e+00
 6454.9  1.09492e+01
 6455.7  1.49871e+01
 6456.5  1.04362e+01
 6457.3  1.25874e+01
 6458.1  4.93620e+00
 6458.9 -2.28107e+00
 6459.7 -1.69521e+00
 6460.5  9.86957e+00
 6461.3  2.03218e+01
 6462.1  1.07838e+01
 6462.9  9.70810e+00
 6463.6  5.31247e+00
 6464.4  1.06270e+01
 6465.2  5.19218e+00
 6466.0  1.61456e+01
 6466.8  1.54547e+01
 6467.6 -6.20514e-01
 6468.4  1.84256e+01
 6469.2  1.67852e+01
 6470.0  9.46408e+00
 6470.8  2.98447e+01
 6471.6  2.97116e+01
 6472.4  1.76634e+01
 6473.2  1.66340e+00
 6474.0  7.13593e-01
 6474.8  1.19924e+00
 6475.6  1.27570e+01
 6476.4  1.57857e+01
 6477.1  8.97173e+00
 6477.9  1.34754e+01
 6478.7  4.65970e+00
 6479.5  2.05191e+01
 6480.3  2.61906e+01
 6481.1  1.84572e+01
 6481.9  1.34476e+01
 6482.7  1.67250e+01
 6483.5  1.53299e+01
 6484.3  2.44759e+01
 6485.1  5.64899e+00
 6485.9  1.33777e+01
 6486.7  5.41461e+00
 6487.5  1.17412e+01
 6488.3  6.80771e-02
 6489.1  7.25257e+00
 6489.8  6.89472e+00
 6490.6  9.87687e+00
 6491.4  1.67104e+01
 6492.2  8.28124e+00
 6493.0  4.94764e+00
 6493.8  3.45168e+00
 6494.6  9.59619e+00
 6495.4  1.29598e+01
 6496.2  1.29692e+01
 6497.0  8.60294e+00
 6497.8  2.45750e+01
 6498.6  3.67494e+01
 6499.4  1.65460e+01
 6500.2  1.08867e+01
 6501.0  4.74791e+00
 6501.8  1.08733e+01
 6502.5  1.69576e+01
 6503.3  1.58499e+01
 6504.1  1.51568e+01
 6504.9  8.51897e+00
 6505.7  4.61327e+00
 6506.5  1.24108e+01
 6507.3  1.09287e+01
 6508.1  2.11568e+01
 6508.9  1.95075e+01
 6509.7  4.82976e+00
 6510.5  1.29144e+00
 6511.3  1.26737e+01
 6512.1  4.62440e+00
 6512.9  2.79950e+00
 6513.7  1.42285e+01
 6514.5  2.56353e+01
 6515.2  1.62301e+01
 6516.0  1.56488e+01
 6516.8  1.57414e+01
 6517.6  1.67873e+01
 6518.4  8.05616e+00
 6519.2  1.02450e+01
 6520.0  1.89782e+01
 6520.8  1.58364e+01
 6521.6  2.26121e+01
 6522.4  1.64253e+01
 6523.2  1.41990e+01
 6524.0 -2.12759e+00
 6524.8  8.34956e+00
 6525.6  1.65280e+01
 6526.4  1.90207e+01
 6527.2  1.94683e+00
 6527.9  1.28697e+01
 6528.7  7.79971e+00
 6529.5  2.04201e+01
 6530.3  2.35002e+01
 6531.1  3.05133e+01
 6531.9  1.56107e+01
 6532.7 -1.19281e+01
 6533.5 -1.20430e+01
 6534.3  8.92654e-01
 6535.1  1.95674e+01
 6535.9  1.43410e+01
 6536.7  8.46266e+00
 6537.5  1.71344e+01
 6538.3  5.11331e+00
 6539.1  9.66218e+00
 6539.9  1.30665e+01
 6540.6  1.86566e+01
 6541.4  1.26304e+01
 6542.2  3.77488e+00
 6543.0  5.80057e+00
 6543.8 -2.58682e+00
 6544.6  1.15331e+01
 6545.4  1.12385e+01
 6546.2  1.52982e+01
 6547.0  1.20499e+01
 6547.8  1.62430e+01
 6548.6  4.33848e+01
 6549.4  9.32799e+01
 6550.2  1.30990e+02
 6551.0  8.64110e+01
 6551.8  5.31175e+01
 6552.6  6.73132e+01
 6553.3  1.77958e+01
 6554.1  2.65017e+01
 6554.9  2.28992e+01
 6555.7  1.45685e+01
 6556.5  1.31628e+01
 6557.3  9.93060e+00
 6558.1  1.60819e+01
 6558.9  2.23290e+01
 6559.7  1.39584e+01
 6560.5  1.54940e+01
 6561.3  2.04045e+01
 6562.1  4.05222e+00
 6562.9  2.90378e+01
 6563.7  5.90560e+01
 6564.5  1.64363e+02
 6565.3  1.92927e+02
 6566.0  8.48127e+01
 6566.8  2.73283e+01
 6567.6  1.66224e+01
 6568.4  9.54024e+00
 6569.2  1.29662e+01
 6570.0  1.65850e+01
 6570.8  6.97425e+00
 6571.6  1.02838e+01
 6572.4  2.44944e+01
 6573.2  2.61773e+01
 6574.0  2.00172e+01
 6574.8  2.18008e+01
 6575.6  2.68080e+01
 6576.4  2.84700e+01
 6577.2  7.27911e+00
 6578.0  6.01480e+00
 6578.7 -5.89700e+00
 6579.5  1.11540e+01
 6580.3 -4.74679e+00
 6581.1  1.29897e+01
 6581.9  1.14710e+01
 6582.7  2.36816e+01
 6583.5  7.04450e+01
 6584.3  1.38946e+02
 6585.1  2.81837e+02
 6585.9  3.35208e+02
 6586.7  1.88591e+02
 6587.5  4.60446e+01
 6588.3 -8.95223e+00
 6589.1  1.55867e+01
 6589.9  1.88966e+01
 6590.7  1.69549e+01
 6591.4  5.88670e+00
 6592.2  5.79337e+00
 6593.0  2.04883e+01
 6593.8  4.46969e+00
 6594.6  6.51442e+00
 6595.4  1.41393e+01
 6596.2  9.60088e+00
 6597.0  1.93690e+01
 6597.8  1.98372e+01
 6598.6  1.79775e+01
 6599.4  1.05991e+01
 6600.2  4.68136e+00
 6601.0  1.07042e+01
 6601.8  1.66872e+01
 6602.6  2.31485e+01
 6603.4  1.96375e+01
 6604.1  1.37863e+01
 6604.9  7.46744e+00
 6605.7  1.01146e+01
 6606.5  1.57547e+01
 6607.3  1.05316e+01
 6608.1  1.74492e+01
 6608.9  1.01294e+01
 6609.7  2.58740e+01
 6610.5  2.39580e+01
 6611.3  9.71624e+00
 6612.1  4.95972e-01
 6612.9 -4.28793e+00
 6613.7  1.41208e+01
 6614.5  3.59643e+00
 6615.3  6.35654e+00
 6616.1  1.76431e+01
 6616.8  1.37233e+01
 6617.6  1.13530e+01
 6618.4  3.53886e+00
 6619.2  2.16633e+01
 6620.0  1.07825e+01
 6620.8  4.85165e+00
 6621.6  1.07439e+01
 6622.4 -9.82232e+00
 6623.2 -5.10696e+00
 6624.0 -1.00062e+01
 6624.8  6.39140e+00
 6625.6  8.12242e+00
 6626.4  3.73540e+00
 6627.2  8.83623e+00
 6628.0  1.69605e+01
 6628.8  1.68339e+01
 6629.5  1.74627e+01
 6630.3  2.54352e+01
 6631.1  2.81087e+00
 6631.9 -9.62427e+00
 6632.7  6.23313e+00
 6633.5  1.80911e+01
 6634.3  1.23131e+01
 6635.1  1.16651e+01
 6635.9  2.03437e+01
 6636.7  8.22446e+00
 6637.5  7.14127e+00
 6638.3  1.31033e+01
 6639.1  1.94417e+01
 6639.9  1.16635e+01
 6640.7  1.09240e+01
 6641.5  9.04240e+00
 6642.3 -2.85057e+00
 6643.0  2.98751e+01
 6643.8  1.69176e+01
 6644.6  1.09916e+01
 6645.4  2.66375e+01
 6646.2  5.34776e+00
 6647.0  9.34936e+00
 6647.8  4.73547e+00
 6648.6 -7.08938e+00
 6649.4 -4.04292e+00
 6650.2  4.68712e-01
 6651.0  7.08327e+00
 6651.8  1.33556e+01
 6652.6  8.77237e+00
 6653.4 -1.96297e-01
 6654.2  1.81774e+01
 6655.0  1.56326e+01
 6655.7 -1.67503e+00
 6656.5 -3.59818e-01
 6657.3  7.17370e+00
 6658.1  1.06683e+01
 6658.9  2.17074e+01
 6659.7  1.48914e+01
 6660.5  1.09911e+01
 6661.3  7.68723e+00
 6662.1  1.82107e+01
 6662.9  1.06526e+01
 6663.7  3.97275e+00
 6664.5  1.45487e+01
 6665.3  1.54520e+01
 6666.1  2.36468e+01
 6666.9  1.51853e+01
 6667.7  1.62132e+01
 6668.4  7.60914e+00
 6669.2  3.45703e-01
 6670.0  1.54855e+01
 6670.8  1.85557e+01
 6671.6  1.58271e+01
 6672.4  1.56944e+01
 6673.2  1.94590e+01
 6674.0  9.03272e+00
 6674.8  1.09163e+01
 6675.6  1.25550e+01
 6676.4  1.36092e+01
 6677.2  1.84680e+01
 6678.0  1.09103e+01
 6678.8  1.03349e+01
 6679.6  1.24676e+01
 6680.4  2.09470e+01
 6681.1  3.14564e+01
 6681.9  9.50742e+00
 6682.7  1.20353e+01
 6683.5 -2.92057e+00
 6684.3  5.71138e+00
 6685.1  1.01034e+01
 6685.9  1.86743e+01
 6686.7  1.16231e+01
 6687.5  8.17452e+00
 6688.3  1.05318e+01
 6689.1  4.66792e+00
 6689.9  2.63210e+00
 6690.7  1.99228e+01
 6691.5  1.21427e+01
 6692.3  9.87115e+00
 6693.1  1.24613e+01
 6693.8  9.62221e+00
 6694.6  8.17329e-01
 6695.4  3.15008e+00
 6696.2  2.81432e+01
 6697.0  2.71699e+01
 6697.8  1.82721e+01
 6698.6  7.07426e+00
 6699.4  2.20434e+00
 6700.2  2.90341e+01
 6701.0  1.28231e+01
 6701.8  1.50969e+01
 6702.6  2.76291e+01
 6703.4  2.60704e+01
 6704.2  3.67091e+00
 6705.0 -3.64001e+00
 6705.8  1.03493e+01
 6706.5  1.04078e+01
 6707.3  1.02940e+01
 6708.1  2.09662e+01
 6708.9  1.31749e+01
 6709.7  1.86287e+01
 6710.5  2.39999e+01
 6711.3  1.78630e+01
 6712.1  1.73648e+01
 6712.9  8.25321e+00
 6713.7  1.08941e+01
 6714.5  1.83801e+01
 6715.3  8.59344e-01
 6716.1  2.14503e+01
 6716.9  3.78589e+01
 6717.7  4.15973e+01
 6718.5  6.14790e+01
 6719.2  4.62896e+01
 6720.0  2.48209e+01
 6720.8  1.69330e+01
 6721.6  1.26437e+01
 6722.4 -9.63654e-01
 6723.2  1.08808e+01
 6724.0  4.10198e+00
 6724.8  1.31674e+01
 6725.6  1.30999e+01
 6726.4  8.85503e+00
 6727.2  2.02220e+01
 6728.0  7.40862e+00
 6728.8  1.31465e+01
 6729.6  1.36499e+01
 6730.4  1.36527e+01
 6731.2  1.00685e+01
 6731.9  3.48934e+01
 6732.7  4.76513e+01
 6733.5  4.87977e+01
 6734.3  2.34439e+01
 6735.1  2.36158e+01
 6735.9  5.75021e+00
 6736.7  6.47233e+00
 6737.5  1.77087e+01
 6738.3  6.66100e+00
 6739.1  1.42415e+01
 6739.9  1.60373e+01
 6740.7  2.22135e+01
 6741.5  1.69758e+01
 6742.3  9.87961e+00
 6743.1  4.53575e+00
 6743.9 -2.97830e+00
 6744.6  6.43929e+00
 6745.4  2.58099e+01
 6746.2  2.70223e+01
 6747.0  1.17903e+01
 6747.8  1.51173e+01
 6748.6  1.08625e+01
 6749.4 -1.43515e+00
 6750.2 -1.72258e+00
 6751.0  6.81011e+00
 6751.8  1.36784e+01
 6752.6  2.29113e+01
 6753.4  1.24036e+01
 6754.2  3.96157e+00
 6755.0  1.16441e+01
 6755.8  2.80866e+01
 6756.6  2.59533e+01
 6757.3  6.84465e+00
 6758.1  1.23336e+01
 6758.9  1.83737e+01
 6759.7  6.57521e+00
 6760.5  1.24157e+01
 6761.3  1.09627e+01
 6762.1  2.30497e+01
 6762.9  2.25164e+01
 6763.7  1.91621e+01
 6764.5  7.08630e+00
 6765.3  5.55581e+00
 6766.1  1.63802e+01
 6766.9  9.24467e+00
 6767.7  5.03010e+00
 6768.5  1.38089e+01
 6769.3  1.27422e+01
 6770.0  9.80576e+00
 6770.8  1.00190e+01
 6771.6  1.10764e+01
 6772.4  2.54134e+01
 6773.2  8.00688e+00
 6774.0  1.14286e+01
 6774.8  5.03407e+00
 6775.6  1.91891e+01
 6776.4  7.24332e+00
 6777.2  2.13227e+00
 6778.0  1.24827e+01
 6778.8  1.90695e+01
 6779.6 -1.08268e+01
 6780.4  5.24346e+00
 6781.2  1.39234e+01
 6782.0 -5.05960e+00
 6782.7  2.67707e+00
 6783.5  1.67167e+01
 6784.3  1.57814e+01
 6785.1  8.37861e+00
 6785.9  8.92677e+00
 6786.7  1.14093e+01
 6787.5  1.47797e+01
 6788.3  1.62481e+01
 6789.1  2.20897e+00
 6789.9  5.51468e-01
 6790.7  2.70679e+01
 6791.5  5.04641e+00
 6792.3  1.41343e+01
 6793.1  1.78182e+01
 6793.9  1.38764e+01
 6794.7  1.19607e+01
 6795.4  7.53544e+00
 6796.2  1.28681e+01
 6797.0  8.41225e+00
 6797.8  1.76181e+01
 6798.6  5.96643e+00
 6799.4  1.51445e+01
 6800.2 -7.07764e-01
 6801.0 -5.73082e+00
 6801.8  1.84400e+01
 6802.6  9.29273e+00
 6803.4 -8.36273e-01
 6804.2  1.89048e+00
 6805.0  1.10518e+01
 6805.8  4.20928e+00
 6806.6  1.39561e+00
 6807.4  1.19364e+01
 6808.2  6.51935e+00
 6808.9  1.48661e+01
 6809.7  1.67892e+01
 6810.5  1.62192e+01
 6811.3 -1.14640e+01
 6812.1 -1.46422e+01
 6812.9  1.53745e+01
 6813.7  5.75840e+00
 6814.5  1.32132e+01
 6815.3  1.00975e+01
 6816.1  5.55045e+00
 6816.9  1.16339e+01
 6817.7  1.39230e+01
 6818.5  7.85226e+00
 6819.3  5.91089e+00
 6820.1 -7.11983e-01
 6820.9  1.59095e+01
 6821.6  1.50942e+01
 6822.4  1.13017e+01
 6823.2  6.55439e+00
 6824.0 -3.61138e+00
 6824.8  1.03535e+01
 6825.6  2.59771e+01
 6826.4  8.94621e+00
 6827.2  2.41711e+01
 6828.0  1.65100e+01
 6828.8  2.76570e+01
 6829.6  1.26755e+01
 6830.4  2.64489e+01
 6831.2  2.14942e+01
 6832.0  2.42925e+01
 6832.8  1.29038e+01
 6833.6  1.93542e+00
 6834.3  4.41888e+00
 6835.1 -3.97250e+00
 6835.9  1.45306e+01
 6836.7  8.39226e+00
 6837.5  7.69388e+00
 6838.3  6.09639e+00
 6839.1 -8.29523e+00
 6839.9  7.55059e+00
 6840.7  1.62433e+01
 6841.5  4.90848e+00
 6842.3  1.23031e+01
 6843.1  1.81841e+01
 6843.9  5.21092e+00
 6844.7 -4.49388e+00
 6845.5 -4.20036e+00
 6846.3  4.55087e+00
 6847.0  1.52210e+01
 6847.8 -1.61835e-01
 6848.6  1.02621e+01
 6849.4  6.97109e+00
 6850.2  7.94196e+00
 6851.0  2.10112e+01
 6851.8  1.05449e+01
 6852.6  8.24736e+00
 6853.4  1.59107e+01
 6854.2  6.87855e+00
 6855.0 -9.38881e-01
 6855.8 -1.92734e-01
 6856.6  5.49710e+00
 6857.4  6.72433e+00
 6858.2  2.04958e+01
 6859.0  1.94152e+01
 6859.7  1.90447e+01
 6860.5  1.12427e+01
 6861.3  2.09236e+00
 6862.1  1.05870e+01
 6862.9  8.55719e+00
 6863.7  2.88065e+01
 6864.5 -1.00641e+00
 6865.3 -2.44323e+01
 6866.1  3.60684e+00
 6866.9  1.48723e+01
 6867.7  2.08477e+00
 6868.5 -5.55018e+00
 6869.3  1.31918e+01
 6870.1  7.57944e+00
 6870.9 -2.25311e-01
 6871.7  1.11618e+01
 6872.4  1.15934e+01
 6873.2  1.65742e+00
 6874.0 -9.82559e-01
 6874.8  1.85804e+00
 6875.6  1.93080e+00
 6876.4 -1.20454e+01
 6877.2 -1.07486e+01
 6878.0  4.91277e+00
 6878.8  4.51967e+00
 6879.6  1.05354e+01
 6880.4 -2.95610e+00
 6881.2 -1.56174e-01
 6882.0  9.83832e+00
 6882.8 -7.83363e-01
 6883.6 -2.08400e+00
 6884.4 -1.31757e+01
 6885.1  6.48278e+00
 6885.9  1.21530e+01
 6886.7  1.04853e+01
 6887.5  1.68951e+01
 6888.3  2.37808e+00
 6889.1 -9.23102e+00
 6889.9  1.32781e+01
 6890.7 -1.05703e+01
 6891.5 -3.95818e+00
 6892.3  1.77802e+01
 6893.1  2.72183e+01
 6893.9  3.77615e+00
 6894.7 -3.34126e+01
 6895.5  7.43840e+00
 6896.3  1.90068e+01
 6897.1  1.59168e+01
 6897.8  4.92073e-01
 6898.6  1.63949e+01
 6899.4  1.77157e+01
 6900.2  1.10585e+00
 6901.0  4.14066e+00
 6901.8  9.02328e-01
 6902.6 -1.12176e+01
 6903.4  1.03857e+00
 6904.2  1.41014e+01
 6905.0  2.33226e+01
 6905.8  1.17964e+01
 6906.6  5.87153e+00
 6907.4  8.56750e+00
 6908.2  4.07666e+00
 6909.0  6.65280e+00
 6909.8  9.61181e+00
 6910.5  3.77644e+00
 6911.3  1.71673e+01
 6912.1  9.60062e+00
 6912.9 -4.79218e+00
 6913.7  4.28598e+00
 6914.5  2.13615e+00
 6915.3  1.78138e+01
 6916.1 -2.78165e+00
 6916.9  3.93924e+00
 6917.7  1.06826e+01
 6918.5  1.33046e+01
 6919.3  1.58109e+01
 6920.1  2.36816e+00
 6920.9  6.90735e-01
 6921.7  9.68933e-02
 6922.5  8.44391e-01
 6923.2  1.15386e+01
 6924.0  3.00223e+00
 6924.8 -4.63324e+00
 6925.6 -4.03812e+00
 6926.4  9.03716e+00
 6927.2  1.36857e+01
 6928.0  5.51998e+00
 6928.8  1.73147e+01
 6929.6  1.59054e+01
 6930.4  1.78640e+01
 6931.2  8.83998e+00
 6932.0  2.73070e+01
 6932.8  1.45768e+01
 6933.6  7.97094e+00
 6934.4  6.96413e+00
 6935.2  1.75876e+01
 6935.9  1.20348e+01
 6936.7  2.11306e+01
 6937.5  2.69171e+01
 6938.3  1.84810e+01
 6939.1  1.33175e+01
 6939.9  6.50343e+00
 6940.7  1.24854e+00
 6941.5  8.15379e+00
 6942.3  2.71572e+00
 6943.1  1.80438e+01
 6943.9  1.10160e+01
 6944.7  6.14374e+00
 6945.5  1.58387e+01
 6946.3  1.18262e+01
 6947.1  2.96700e+01
 6947.9  2.56698e+01
 6948.6  1.22508e+01
 6949.4  1.39371e+01
 6950.2 -5.96878e+00
 6951.0 -2.84695e+01
 6951.8  1.43607e+01
 6952.6  2.54927e+01
 6953.4  8.26676e+00
 6954.2  1.82960e+01
 6955.0  1.26550e+01
 6955.8  1.15348e+01
 6956.6 -7.04102e-01
 6957.4 -6.59908e+00
 6958.2  4.62135e+00
 6959.0  1.26363e+01
 6959.8  2.60071e-01
 6960.6 -5.37549e+00
 6961.3  4.53355e+00
 6962.1  4.75198e+00
 6962.9  8.61462e+00
 6963.7  1.81527e+01
 6964.5  2.45378e+01
 6965.3  1.61747e+01
 6966.1  1.69961e+01
 6966.9  1.19406e+01
 6967.7  1.03258e+01
 6968.5  1.15342e+01
 6969.3  3.50683e+01
 6970.1  6.25188e+00
 6970.9  2.92177e+00
 6971.7  1.08933e+01
 6972.5  2.35313e+01
 6973.3  8.69675e+00
 6974.1 -6.62656e+00
 6974.8  1.86352e+01
 6975.6  2.92067e+01
 6976.4  2.32751e+01
 6977.2  1.50064e+01
 6978.0  2.19341e+01
 6978.8  2.02977e+01
 6979.6  2.46694e+01
 6980.4  6.10474e-01
 6981.2 -5.23621e+00
 6982.0  9.33674e+00
 6982.8  1.77933e+01
 6983.6  1.20504e+01
 6984.4  1.06794e+01
 6985.2  9.80054e+00
 6986.0 -5.16800e-01
 6986.8  9.02582e+00
 6987.5  7.16713e+00
 6988.3  1.27928e+01
 6989.1  1.35071e+01
 6989.9  3.21583e+00
 6990.7  1.24974e+01
 6991.5  7.34023e+00
 6992.3  1.15424e+01
 6993.1  1.56157e+01
 6993.9  6.23405e+00
 6994.7  1.98936e+01
 6995.5  1.09105e+01
 6996.3  1.11800e+01
 6997.1  6.18491e+00
 6997.9  7.64893e+00
 6998.7  9.19564e+00
 6999.5  1.44475e+01
 7000.2  1.26880e+01
 7001.0  2.11510e+00
 7001.8  5.91035e+00
 7002.6  8.95062e+00
 7003.4  7.83836e+00
 7004.2 -1.06746e+00
 7005.0  6.89624e+00
 7005.8  1.75971e+00
 7006.6  6.94541e+00
 7007.4  4.72372e+00
 7008.2  4.17632e+00
 7009.0  1.67597e+01
 7009.8  4.39191e+00
 7010.6  1.23696e+01
 7011.4  1.22397e+01
 7012.2  1.18915e+01
 7012.9  9.16064e+00
 7013.7 -5.19919e+00
 7014.5  4.39198e+00
 7015.3  5.64220e+00
 7016.1  2.46449e+00
 7016.9 -3.51021e-01
 7017.7  8.09707e+00
 7018.5  1.72724e+01
 7019.3  1.65072e+00
 7020.1  9.03577e+00
 7020.9  1.34018e+01
 7021.7  1.16557e+01
 7022.5  1.09931e+01
 7023.3  4.83184e+00
 7024.1  1.07445e+01
 7024.9  1.96263e+01
 7025.6  2.26505e+01
 7026.4  1.07339e+01
 7027.2  1.41189e+01
 7028.0  1.09960e+01
 7028.8  8.97075e+00
 7029.6  5.57037e+00
 7030.4  8.72177e-01
 7031.2  9.64410e+00
 7032.0  4.34327e+00
 7032.8 -8.43300e-01
 7033.6  1.66971e+01
 7034.4  1.15555e+01
 7035.2  1.30122e+01
 7036.0  2.33980e+01
 7036.8  1.73323e+01
 7037.6  7.02924e+00
 7038.3  6.19756e+00
 7039.1  7.97392e+00
 7039.9  1.73954e+01
 7040.7  1.18857e+01
 7041.5  1.73727e+00
 7042.3  3.21409e+00
 7043.1  1.61315e+01
 7043.9  1.66819e+01
 7044.7  7.57214e+00
 7045.5  1.24752e+01
 7046.3  1.30211e+01
 7047.1 -5.66788e-01
 7047.9 -8.09183e+00
 7048.7  4.76775e+00
 7049.5  9.33015e+00
 7050.3  2.02850e+00
 7051.0  5.02263e+00
 7051.8  6.79161e-01
 7052.6  5.73907e+00
 7053.4  1.88735e+01
 7054.2  3.94248e+00
 7055.0  4.96168e+00
 7055.8 -5.70176e+00
 7056.6  8.79025e+00
 7057.4  1.90747e+01
 7058.2  1.62717e+01
 7059.0  1.35691e+01
 7059.8  2.27928e+01
 7060.6  1.68641e+01
 7061.4  1.14110e+01
 7062.2  3.01469e+00
 7063.0  4.16102e+00
 7063.7  1.45835e+01
 7064.5  2.25766e+01
 7065.3  5.14789e+00
 7066.1  2.28058e+00
 7066.9  1.40835e+01
 7067.7 -5.82352e-01
 7068.5  5.12826e+00
 7069.3  1.51877e+01
 7070.1  1.74750e+01
 7070.9  8.22348e+00
 7071.7  1.09414e+01
 7072.5  1.17132e+01
 7073.3  4.52634e+00
 7074.1  1.55327e+01
 7074.9  2.44355e+01
 7075.7  8.14788e+00
 7076.4  1.11276e+00
 7077.2  1.68753e+01
 7078.0  2.07256e+01
 7078.8  1.52750e+01
 7079.6  5.20857e+00
 7080.4  9.79407e+00
 7081.2  2.11168e+01
 7082.0  3.66163e+01
 7082.8  3.01090e+01
 7083.6  1.10822e+02
 7084.4  1.04733e+02
 7085.2  1.03243e+02
 7086.0  1.01764e+02
