# col0 col1
10000.0 0.0
10069.3863148 0.0
10139.2540756 0.0
10209.6066231 0.0
10280.4473209 0.0
10351.7795563 0.0
10423.6067398 0.0
10495.9323056 0.0
10568.7597118 0.0
10642.0924406 0.0
10715.9339982 0.0
10790.2879152 0.0
10865.1577465 0.0
10940.5470721 0.0
11016.4594963 0.0
11092.898649 0.0
11169.8681847 0.0
11247.3717836 0.0
11325.4131515 0.0
11403.9960197 0.0
11483.1241454 0.0
11562.8013121 0.0
11643.0313292 0.0
11723.8180329 0.0
11805.1652857 0.0
11887.0769771 0.0
11969.5570236 0.0
12052.6093687 0.0
12136.2379834 0.0
12220.4468663 0.0
12305.2400436 0.0
12390.6215695 0.0
12476.5955263 0.0
12563.1660247 0.0
12650.337204 0.0
12738.1132319 0.0
12826.4983053 0.0
12915.4966501 0.0
13005.1125217 0.0
13095.3502048 0.0
13186.2140139 0.0
13277.7082936 0.0
13369.8374182 0.0
13462.605793 1e-26
13556.0178533 2e-26
13650.0780655 4e-26
13744.7909268 7e-26
13840.1609657 1.4e-25
13936.1927422 2.8e-25
14032.8908479 5.5e-25
14130.259906 1.06e-24
14228.3045721 2.04e-24
14327.0295341 3.92e-24
14426.4395122 7.49e-24
14526.5392595 1.424e-23
14627.333562 2.695e-23
14728.8272391 5.074e-23
14831.0251434 9.51e-23
14933.9321612 1.774e-22
15037.553213 3.2943e-22
15141.893253 6.0895e-22
15246.9572702 1.12052e-21
15352.7502878 2.0526e-21
15459.2773642 3.74318e-21
15566.5435927 6.79586e-21
15674.5541021 1.22837e-20
15783.3140565 2.21059e-20
15892.8286562 3.960903e-20
16003.1031374 7.066434e-20
16114.1427725 1.2552769e-19
16225.9528708 2.2203668e-19
16338.5387781 3.9108276e-19
16451.9058775 6.8593671e-19
16566.0595895 1.19807345e-18
16681.005372 2.08391205e-18
16796.7487209 3.60980962e-18
16913.2951703 6.22745388e-18
17030.6502925 1.069966821e-17
17148.8196987 1.830947288e-17
17267.8090388 3.120607878e-17
17387.6240022 5.297517416e-17
17508.2703174 8.957510821e-17
17629.7537529 1.5086756663e-16
17752.0801172 2.5311027984e-16
17875.255259 4.2300033781e-16
17999.2850678 7.0420689543e-16
18124.1754737 1.1678847251e-15
18249.9324482 1.92952880809e-15
18376.5620039 3.17589034078e-15
18504.0701954 5.2077958731e-15
18632.4631193 8.50800691202e-15
18761.7469144 1.38483575165e-14
18891.9277621 2.24582701149e-14
19023.0118867 3.62888252153e-14
19155.0055557 5.84250359378e-14
19287.9150802 9.37271391118e-14
19421.7468149 1.49824478599e-13
19556.5071587 2.38650255555e-13
19692.2025548 3.78802945516e-13
19828.8394913 5.99166650718e-13
19966.4245011 9.44441830958e-13
20104.9641626 1.48356464447e-12
20244.4650998 2.3224786211e-12
20384.9339825 3.62344108498e-12
20526.3775271 5.63410689399e-12
20668.8024963 8.73119039011e-12
20812.2156999 1.34857890474e-11
20956.6239948 2.07607841611e-11
21102.0342857 3.18555805744e-11
21248.453525 4.87204733805e-11
21395.8887134 7.42730799598e-11
21544.3469003 1.12863890383e-10
21693.8351839 1.70958960714e-10
21844.3607115 2.58137766369e-10
21995.9306803 3.88546984272e-10
22148.5523373 5.83011709564e-10
22302.2329797 8.72091617881e-10
22456.9799554 1.3004909728e-09
22612.8006634 1.93340215098e-09
22769.7025538 2.86560183171e-09
22927.6931287 4.23445373493e-09
23086.7799419 6.23843819913e-09
23246.9705999 9.16347670333e-09
23408.2727618 1.34202163831e-08
23570.69414 1.95966775962e-08
23734.2425002 2.85323710389e-08
23898.9256623 4.14223275437e-08
24064.7515002 5.99626790313e-08
24231.7279424 8.65537853805e-08
24399.8629726 1.2458282302e-07
24569.1646298 1.78815774613e-07
24739.6410089 2.55939599321e-07
24911.3002607 3.65309964876e-07
25084.1505928 5.19979533111e-07
25258.2002696 7.38108050331e-07
25433.457613 1.04489055444e-06
25609.9310026 1.4751866857e-06
25787.6288759 2.07709604486e-06
25966.5597293 2.91680654817e-06
26146.732118 4.08515096122e-06
26328.1546565 5.70644923363e-06
26510.8360191 7.95040118618e-06
26694.7849403 1.10480387281e-05
26880.0102154 1.53130660174e-05
27066.5207003 2.11703314191e-05
27254.3253128 2.9193714265e-05
27443.4330323 4.01564071878e-05
27633.8529005 5.50974753886e-05
27825.5940221 7.54097333959e-05
28018.6655646 0.000102955467914
28213.0767594 0.000140218440386
28408.8369018 0.000190503035253
28605.9553518 0.000258194517253
28804.441534 0.000349098294899
29004.3049386 0.000470881070159
29205.5551218 0.000633643049686
29408.2017059 0.000850658325505
29612.2543799 0.001139330503
29817.7229002 0.00152242315202
30024.6170909 0.00202964028403
30232.9468441 0.00269965154789
30442.7221206 0.00358268108177
30653.9529506 0.00474380904381
30866.6494334 0.00626717208035
31080.8217387 0.00826129496493
31296.4801067 0.0108658422599
31513.6348487 0.014260148409
31732.2963473 0.018673969909
31952.4750576 0.0244010074058
32174.1815068 0.0318158726307
32397.4262953 0.0413953296631
32622.2200971 0.0537448275873
32848.5736603 0.0696315686897
33076.4978074 0.0900256305849
33306.0034362 0.116150991051
33537.10152 0.149548701455
33769.8031083 0.192154930788
34004.119327 0.246397171868
34240.0613797 0.315312580921
34477.6405473 0.402693230963
34716.8681893 0.513264020426
34957.7557436 0.65290011737
35200.314728 0.828892165927
35444.5567397 1.05026906953
35690.4934568 1.32819003398
35938.136638 1.67641974699
36187.4981241 2.11190313995
36438.5898376 2.65545918006
36691.423784 3.33261664103
36946.012052 4.17461887211
37202.3668141 5.21962930998
37460.5003275 6.51417494885
37720.4249342 8.11487130395
37982.1530619 10.0904796875
38245.6972247 12.5243559925
38511.0700233 15.5173597892
38778.2841459 19.1913035399
39047.3523689 23.6930342998
39318.2875571 29.1992545871
39591.1026647 35.9222053803
39865.8107358 44.1163526558
40142.424905 54.0862397727
40420.958398 66.1956915896
40701.4245322 80.8785827692
40983.8367176 98.6514125784
41268.208457 120.127961969
41554.5533472 146.036346172
41842.885079 177.23881782
42133.2174385 214.75472216
42425.5643072 259.787057581
42719.9396631 313.753151966
43016.3575811 378.320028695
43314.8322338 455.445105927
43615.3778921 547.422949635
43918.008926 656.938885146
44222.7398051 787.130364226
44529.5850994 941.65708555
44838.5594802 1124.78097612
45149.6777204 1341.4572605
45462.9546953 1597.43797393
45778.4053838 1899.38941506
46096.0448683 2255.02518448
46415.8883361 2673.25661727
46737.9510799 3164.36259087
47062.2484984 3740.18087516
47388.7960972 4414.32338915
47717.6094894 5202.41793846
48048.7043966 6122.37923005
48382.0966493 7194.71219542
48717.8021879 8442.85090031
49055.8370637 9893.53657796
49396.2174388 11577.2385937
49738.9595879 13528.6224296
50084.0798985 15787.0690715
50431.5948717 18397.2504804
50781.5211233 21409.766141
51133.8753841 24881.8459987
51488.6745014 28878.1254163
51845.9354389 33471.4981118
52205.6752785 38744.0533648
52567.9112202 44788.1041105
52932.6605836 51707.3128642
53299.9408084 59617.9227419
53669.7694554 68650.1011566
54042.1642071 78949.4040681
54417.1428687 90678.3689555
54794.723369 104018.244948
55174.9237613 119170.868797
55557.762224 136360.695589
55943.2570617 155836.993295
56331.426706 177876.210401
56722.2897164 202784.525973
57115.8647813 230900.591594
57512.1707184 262598.474613
57911.2264764 298290.812113
58313.0511353 338432.184913
58717.6639073 383522.720768
59125.0841383 434111.935652
59535.3313081 490802.821764
59948.4250319 554256.190455
60364.3850608 625195.277828
60783.231283 704410.620177
61204.9837248 792765.205785
61629.6625513 891199.908839
62057.2880678 1000739.21035
62487.8807201 1122497.20999
62921.4610961 1257683.93176
63358.0499266 1407611.92501
63797.6680861 1573703.16138
64240.3365939 1757496.22641
64686.0766155 1960653.80341
65134.9094627 2184970.44533
65586.8565957 2432380.62859
66041.9396233 2704967.08133
66500.1803043 3004969.37595
66961.6005485 3334792.77455
67426.2224178 3697017.31292
67894.068127 4094407.10714
68365.1600451 4529919.86421
68839.5206965 5006716.57575
69317.1727616 5528171.37142
69798.1390783 6097881.50631
70282.4426431 6719677.45372
70770.1066118 7397633.07252
71261.1543011 8136075.81542
71755.6091894 8939596.94208
72253.4949179 9813061.69831
72754.835292 10761619.4202
73259.6542822 11790713.5192
73767.9760253 12906091.3025
74279.8248256 14113813.58
74795.2251562 15420264.0065
75314.2016597 16832158.1077
75836.77915 18356551.9344
76362.9826128 20000850.2874
76892.8372076 21772814.4578
77426.3682681 23680569.4192
77963.6013041 25732610.4143
78504.562002 27937808.8722
79049.276227 30305417.5947
79597.7700231 32845075.1478
80150.0696157 35566809.3967
80706.2014115 38481040.1188
81266.1920009 41598580.6356
81830.0681587 44930638.3977
82397.8568453 48488814.4652
82969.5852083 52285101.8229
83545.2805838 56331882.4726
84124.9704974 60641923.2474
84708.6826656 65228370.2955
85296.4449974 70104742.1822
85888.2855955 75284921.5651
86484.2327573 80783145.3967
87084.3149769 86613993.6181
87688.5609459 92792376.3054
88296.9995549 99333519.2414
88909.6598953 106252947.884
89526.57126 113566469.714
90147.7631452 121290154.944
90773.2652521 129440315.582
91403.1074876 138033482.848
92037.3199662 147086382.938
92675.9330115 156615911.159
93318.9771573 166639104.44
93966.4831495 177173112.245
94618.4819472 188235165.921
95275.0047243 199842546.515
95936.0828709 212012551.106
96601.7479952 224762457.701
97272.0319245 238109488.75
97946.966707 252070773.361
98626.5846131 266663308.262
99310.9181375 281903917.613
100000.0 297809211.737
100693.863148 314395544.872
101392.540756 331678972.035
102096.066231 349675205.111
102804.473209 368399568.269
103517.795563 387866952.825
104236.067398 408091771.672
104959.323056 429087913.399
105687.597118 450868696.232
106420.924406 473446821.934
107159.339982 496834329.789
107902.879152 521042550.818
108651.577465 546082062.37
109405.470721 571962643.222
110164.594963 598693229.35
110928.98649 626281870.489
111698.681847 654735687.663
112473.717836 684060831.793
113254.131515 714262443.561
114039.960197 745344614.643
114831.241454 777310350.478
115628.013121 810161534.684
116430.313292 843898895.283
117238.180329 878521972.837
118051.652857 914029090.647
118870.769771 950417327.118
119695.570236 987682490.41
120526.093687 1025819095.49
121362.379834 1064820343.68
122204.468663 1104678104.79
123052.400436 1145382902.0
123906.215695 1186923899.39
124765.955263 1229288892.39
125631.660247 1272464301.17
126503.37204 1316435166.88
127381.132319 1361185150.99
128264.983053 1406696537.62
129154.966501 1452950238.97
130051.125217 1499925803.86
130953.502048 1547601429.31
131862.140139 1595953975.3
132777.082936 1644958982.54
133698.374182 1694590693.42
134626.05793 1744822075.87
135560.178533 1795624850.35
136500.780655 1846969519.74
137447.909268 1898825402.13
138401.609657 1951160666.42
139361.927422 2003942370.79
140328.908479 2057136503.71
141302.59906 2110708027.63
142283.045721 2164620925.11
143270.295341 2218838247.34
144264.395122 2273322164.99
145265.392595 2328034021.08
146273.33562 2382934385.98
147288.272391 2437983114.24
148310.251434 2493139403.23
149339.321612 2548361853.28
150375.53213 2603608529.43
151418.93253 2658837024.33
152469.572702 2714004522.41
153527.502878 2769067865.05
154592.773642 2823983616.47
155665.435927 2878708130.47
156745.541021 2933197617.56
157833.140565 2987408212.5
158928.286562 3041296042.05
160031.031374 3094817292.69
161141.427725 3147928278.31
162259.528708 3200585507.5
163385.387781 3252745750.49
164519.058775 3304366105.47
165660.595895 3355404064.09
166810.05372 3405817576.2
167967.487209 3455565113.39
169132.951703 3504605731.48
170306.502925 3552899131.61
171488.196987 3600405719.9
172678.090388 3647086665.57
173876.240022 3692903957.34
175082.703174 3737820457.96
176297.537529 3781799956.98
177520.801172 3824807221.33
178752.55259 3866808043.91
179992.850678 3907769289.89
181241.754737 3947658940.86
182499.324482 3986446136.44
183765.620039 4024101213.65
185040.701954 4060595743.67
186324.631193 4095902566.15
187617.469144 4129995820.88
188919.277621 4162850976.91
190230.118867 4194444858.94
191550.055557 4224755671.14
192879.150802 4253763018.18
194217.468149 4281447923.68
195565.071587 4307792845.88
196922.025548 4332781690.62
198288.394913 4356399821.73
199664.245011 4378634068.63
201049.641626 4399472731.42
202444.650998 4418905583.29
203849.339825 4436923870.34
205263.775271 4453520308.98
206688.024963 4468689080.73
208122.156999 4482425824.66
209566.239948 4494727627.46
211020.342857 4505593011.17
212484.53525 4515021918.71
213958.887134 4523015697.17
215443.469003 4529577079.11
216938.351839 4534710161.74
218443.607115 4538420384.21
219959.306803 4540714503.03
221485.523373 4541600565.75
223022.329797 4541087882.89
224569.799554 4539186998.35
226128.006634 4535909658.32
227697.025538 4531268778.67
229276.931287 4525278411.2
230867.799419 4517953708.53
232469.705999 4509310887.94
234082.727618 4499367194.15
235706.9414 4488140861.18
237342.425002 4475651073.4
238989.256623 4461917925.75
240647.515002 4446962383.45
242317.279424 4430806241.0
243998.629726 4413472080.83
245691.646298 4394983231.55
247396.410089 4375363725.85
249113.002607 4354638258.29
250841.505928 4332832142.94
252582.002696 4309971270.97
254334.57613 4286082068.32
256099.310026 4261191453.46
257876.288759 4235326795.4
259665.597293 4208515871.95
261467.32118 4180786828.33
263281.546565 4152168136.15
265108.360191 4122688552.98
266947.849403 4092377082.33
268800.102154 4061262934.3
270665.207003 4029375486.91
272543.253128 3996744248.01
274434.330323 3963398818.11
276338.529005 3929368853.88
278255.940221 3894684032.57
280186.655646 3859374017.25
282130.767594 3823468423.04
284088.369018 3786996784.24
286059.553518 3749988522.44
288044.41534 3712472915.72
290043.049386 3674479068.75
292055.551218 3636035884.07
294082.017059 3597172034.36
296122.543799 3557915935.89
298177.229002 3518295722.95
300246.170909 3478339223.5
302329.468441 3438073935.91
304427.221206 3397527006.77
306539.529506 3356725209.92
308666.494334 3315694926.52
310808.217387 3274462126.34
312964.801067 3233052350.06
315136.348487 3191490692.76
317322.963473 3149801788.52
319524.750576 3108009796.06
321741.815068 3066138385.52
323974.262953 3024210726.27
326222.200971 2982249475.79
328485.736603 2940276769.59
330764.978074 2898314212.15
333060.034362 2856382868.83
335371.0152 2814503258.81
337698.031083 2772695348.91
340041.19327 2730978548.45
342400.613797 2689371704.88
344776.405473 2647893100.43
347168.681893 2606560449.51
349577.557436 2565390897.01
352003.14728 2524401017.38
354445.567397 2483606814.47
356904.934568 2443023722.16
359381.36638 2402666605.65
361874.981241 2362549763.53
364385.898376 2322686930.42
366914.23784 2283091280.29
369460.12052 2243775430.41
372023.668141 2204751445.86
374605.003275 2166030844.54
377204.249342 2127624602.77
379821.530619 2089543161.37
382456.972247 2051796432.16
385110.700233 2014393804.94
387782.841459 1977344154.9
390473.523689 1940655850.31
393182.875571 1904336760.72
395911.026647 1868394265.33
398658.107358 1832835261.8
401424.24905 1797666175.24
404209.58398 1762892967.53
407014.245322 1728521146.8
409838.367176 1694555777.19
412682.08457 1661001488.72
415545.533472 1627862487.39
418428.85079 1595142565.41
421332.174385 1562845111.47
424255.643072 1530973121.24
427199.396631 1499529207.87
430163.575811 1468515612.54
433148.322338 1437934215.11
436153.778921 1407786544.78
439180.08926 1378073790.71
442227.398051 1348796812.75
445295.850994 1319956152.0
448385.594802 1291552041.47
451496.777204 1263584416.6
454629.546953 1236052925.8
457784.053838 1208956940.83
460960.448683 1182295567.13
464158.883361 1156067654.14
467379.510799 1130271805.33
470622.484984 1104906388.3
473887.960972 1079969544.65
477176.094894 1055459199.73
480487.043966 1031373072.26
483820.966493 1007708683.86
487178.021879 984463368.271
490558.370637 961634280.609
493962.174388 939218406.294
497389.595879 917212569.892
500840.798985 895613443.761
504315.948717 874417556.507
507815.211233 853621301.27
511338.753841 833220943.815
514886.745014 813212630.44
518459.354389 793592395.682
522056.752785 774356169.845
525679.112202 755499786.321
529326.605836 737018988.717
532999.408084 718909437.793
536697.694554 701166718.197
540421.642071 683786345.0
544171.428687 666763770.046
547947.23369 650094388.091
551749.237613 633773542.763
555577.62224 617796532.314
559432.570617 602158615.187
563314.26706 586855015.391
567222.897164 571880927.685
571158.647813 557231522.576
575121.707184 542901951.133
579112.264764 528887349.611
583130.511353 515182843.909
587176.639073 501783553.836
591250.841383 488684597.209
595353.313081 475881093.78
599484.250319 463368168.989
603643.850608 451140957.56
607832.31283 439194606.923
612049.837248 427524280.487
616296.625513 416125160.75
620572.880678 404992452.261
624878.807201 394121384.431
629214.610961 383507214.2
633580.499266 373145228.559
637976.680861 363030746.935
642403.365939 353159123.446
646860.766155 343525749.016
651349.094627 334126053.368
655868.565957 324955506.896
660419.396233 316009622.407
665001.803043 307283956.757
669616.005485 298774112.366
674262.224178 290475738.626
678940.68127 282384533.207
683651.600451 274496243.253
688395.206965 266806666.481
693171.727616 259311652.193
697981.390783 252007102.18
702824.426431 244888971.552
707701.066118 237953269.471
712611.543011 231196059.81
717556.091894 224613461.726
722534.949179 218201650.162
727548.35292 211956856.275
732596.542822 205875367.787
737679.760253 199953529.283
742798.248256 194187742.428
747952.251562 188574466.137
753142.016597 183110216.677
758367.7915 177791567.718
763629.826128 172615150.328
768928.372076 167577652.919
774263.682681 162675821.144
779636.013041 157906457.748
785045.62002 153266422.374
790492.76227 148752631.335
795977.700231 144362057.335
801500.696157 140091729.164
807062.014115 135938731.354
812661.920009 131900203.803
818300.681587 127973341.366
823978.568453 124155393.422
829695.852083 120443663.411
835452.805838 116835508.345
841249.704974 113328338.299
847086.826656 109919615.88
852964.449974 106606855.671
858882.855955 103387623.661
864842.327573 100259536.659
870843.149769 97220261.689
876885.609459 94267515.3728
882969.995549 91399063.2981
889096.598953 88612719.3774
895265.7126 85906345.1951
901477.631452 83277849.3451
907732.652521 80725186.7614
914031.074876 78246358.0406
920373.199662 75839408.7591
926759.330115 73502428.7845
933189.771573 71233551.5838
939664.831495 69030953.5277
946184.819472 66892853.1927
952750.047243 64817510.6616
959360.828709 62803226.8231
966017.479952 60848342.6717
972720.319245 58951238.6076
979469.66707 57110333.7381
986265.846131 55324085.181
993109.181375 53590987.3701
1000000.0 51909571.3641
1006938.63148 50278404.1583
1013925.40756 48696088.0012
1020960.66231 47161259.7145
1028044.73209 45672590.019
1035177.95563 44228782.8646
1042360.67398 42828574.7668
1049593.23056 41470734.1492
1056875.97118 40154060.6912
1064209.24406 38877384.6834
1071593.39982 37639566.3898
1079028.79152 36439495.4158
1086515.77465 35276090.0854
1094054.70721 34148296.8245
1101645.94963 33055089.5523
1109289.8649 31995469.0812
1116986.81847 30968462.5237
1124737.17836 29973122.7083
1132541.31515 29008527.6036
1140399.60197 28073779.7503
1148312.41454 27168005.7022
1156280.13121 26290355.476
1164303.13292 25440002.0086
1172381.80329 24616140.6248
1180516.52857 23817988.5122
1188707.69771 23044784.2055
1196955.70236 22295787.0802
1205260.93687 21570276.8537
1213623.79834 20867553.0964
1222044.68663 20186934.7511
1230524.00436 19527759.661
1239062.15695 18889384.107
1247659.55263 18271182.3531
1256316.60247 17672546.2005
1265033.7204 17092884.5509
1273811.32319 16531622.9779
1282649.83053 15988203.3064
1291549.66501 15462083.2018
1300511.25217 14952735.7662
1309535.02048 14459649.1433
1318621.40139 13982326.132
1327770.82936 13520283.8076
1336983.74182 13073053.1508
1346260.5793 12640178.6856
1355601.78533 12221218.1237
1365007.80655 11815742.0179
1374479.09268 11423333.4226
1384016.09657 11043587.5613
1393619.27422 10676111.5029
1403289.08479 10320523.8438
1413025.9906 9976454.39842
1422830.45721 9643543.89624
1432702.95341 9321443.68589
1442643.95122 9009815.44634
1452653.92595 8708330.90474
1462733.3562 8416671.56099
1472882.72391 8134528.41878
1483102.51434 7861601.72326
1493393.21612 7597600.70482
1503755.3213 7342243.32934
1514189.3253 7095256.0543
1524695.72702 6856373.59111
1535275.02878 6625338.67322
1545927.73642 6401901.82995
1556654.35927 6185821.16617
1567455.41021 5976862.1473
1578331.40565 5774797.38996
1589282.86562 5579406.45781
1600310.31374 5390475.66271
1611414.27725 5207797.87093
1622595.28708 5031172.3144
1633853.87781 4860404.40692
1645190.58775 4695305.56503
1656605.95895 4535693.03377
1668100.5372 4381389.71685
1679674.87209 4232224.01146
1691329.51703 4088029.64738
1703065.02925 3948645.53046
1714881.96987 3813915.59025
1726780.90388 3683688.63175
1738762.40022 3557818.19121
1750827.03174 3436162.39575
1762975.37529 3318583.82697
1775208.01172 3204949.38811
1787525.5259 3095130.175
1799928.50678 2989001.35053
1812417.54737 2886442.02256
1824993.24482 2787335.1253
1837656.20039 2691567.30389
1850407.01954 2599028.80235
1863246.31193 2509613.35456
1876174.69144 2423218.07837
1889192.77621 2339743.37269
1902301.18867 2259092.81749
1915500.55557 2181173.0767
1928791.50802 2105893.80379
1942174.68149 2033167.55015
1955650.71587 1962909.67605
1969220.25548 1895038.26414
1982883.94913 1829474.03554
1996642.45011 1766140.26827
2010496.41626 1704962.71811
2024446.50998 1645869.54175
2038493.39825 1588791.22215
2052637.75271 1533660.49618
2066880.24963 1480412.28427
2081221.56999 1428983.62224
2095662.39948 1379313.59507
2110203.42857 1331343.27267
2124845.3525 1285015.64754
2139588.87134 1240275.57431
2154434.69003 1197069.71105
2169383.51839 1155346.46234
2184436.07115 1115055.92413
2199593.06803 1076149.83008
2214855.23373 1038581.49974
2230223.29797 1002305.7881
2245697.99554 967279.036773
2261280.06634 933459.026645
2276970.25538 900804.931942
2292769.31287 869277.275708
2308677.99419 838837.886645
2324697.05999 809449.857268
2340827.27618 781077.503348
2357069.414 753686.324596
2373424.25002 727242.96656
2389892.56623 701715.183699
2406475.15002 677071.803594
2423172.79424 653282.692267
2439986.29726 630318.720585
2456916.46298 608151.731695
2473964.10089 586754.509479
2491130.02607 566100.748
2508415.05928 546165.021887
2525820.02696 526922.757664
2543345.7613 508350.205966
2560993.10026 490424.414635
2578762.88759 473123.202658
2596655.97293 456425.134928
2614673.2118 440309.497805
2632815.46565 424756.275446
2651083.60191 409746.126886
2669478.49403 395260.363847
2688001.02154 381280.92925
2706652.07003 367790.376416
2725432.53128 354771.848922
2744343.30323 342209.06111
2763385.29005 330086.279209
2782559.40221 318388.30307
2801866.55646 307100.448481
2821307.67594 296208.530053
2840883.69018 285698.844658
2860595.53518 275558.155393
2880444.1534 265773.67607
2900430.49386 256333.056204
2920555.51218 247224.366482
2940820.17059 238436.084709
2961225.43799 229957.082206
2981772.29002 221776.610651
3002461.70909 213884.289349
3023294.68441 206270.092911
3044272.21206 198924.339342
3065395.29506 191837.678515
3086664.94334 185001.081018
3108082.17387 178405.82737
3129648.01067 172043.497589
3151363.48487 165905.961105
3173229.63473 159985.366997
3195247.50576 154274.134559
3217418.15068 148764.944172
3239742.62953 143450.728475
3262222.00971 138324.663834
3284857.36603 133380.162089
3307649.78074 128610.862567
3330600.34362 124010.624376
3353710.152 119573.518933
3376980.31083 115293.822762
3400411.9327 111166.010511
3424006.13797 107184.748217
3447764.05473 103344.886784
3471686.81893 99641.4556843
3495775.57436 96069.6568698
3520031.4728 92624.8588814
3544455.67397 89302.5911612
3569049.34568 86098.538551
3593813.6638 83008.535977
3618749.81241 80028.5633116
3643858.98376 77154.7404078
3669142.3784 74383.3223001
3694601.2052 71710.694567
3720236.68141 69133.3688492
3746050.03275 66647.9785188
3772042.49342 64251.2744943
3798215.30619 61940.1211966
3824569.72247 59711.4926418
3851107.00233 57562.4686661
3877828.41459 55490.2312775
3904735.23689 53492.0611319
3931828.75571 51565.3341283
3959110.26647 49707.5181187
3986581.07358 47916.169731
4014242.4905 46188.9312982
4042095.8398 44523.5278932
4070142.45322 42917.7644637
4098383.67176 41369.5230649
4126820.8457 39876.7601866
4155455.33472 38437.5041707
4184288.5079 37049.8527179
4213321.74385 35711.9704784
4242556.43072 34422.086726
4271993.96631 33178.4931106
4301635.75811 31979.5414885
4331483.22338 30823.6418266
4361537.78921 29709.2601783
4391800.8926 28634.9167293
4422273.98051 27599.1839098
4452958.50994 26600.6845721
4483855.94802 25638.0902305
4514967.77204 24710.1193616
4546295.46953 23815.5357636
4577840.53838 22953.1469718
4609604.48683 22121.8027284
4641588.83361 21320.3935053
4673795.10799 20547.8490786
4706224.84984 19803.1371507
4738879.60972 19085.2620214
4771760.94894 18393.2633047
4804870.43966 17726.2146892
4838209.66493 17083.2227423
4871780.21879 16463.4257555
4905583.70637 15865.9926295
4939621.74388 15290.1217982
4973895.95879 14735.0401902
5008407.98985 14200.0022258
5043159.48717 13684.2888495
5078152.11233 13187.2065957
5113387.53841 12708.0866867
5148867.45014 12246.2841631
5184593.54389 11801.1770429
5220567.52785 11372.1655116
5256791.12202 10958.6711391
5293266.05836 10560.1361248
5329994.08084 10176.0225687
5366976.94554 9805.8117681
5404216.42071 9449.0035385
5441714.28687 9105.11555883
5479472.3369 8773.68273907
5517492.37613 8454.2566103
5555776.2224 8146.40473591
5594325.70617 7849.71014356
5633142.6706 7563.770777
5672228.97164 7288.19896709
5711586.47813 7022.62092144
5751217.07184 6766.67623187
5791122.64764 6520.01739926
5831305.11353 6282.30937502
5871766.39073 6053.22911872
5912508.41383 5832.46517125
5953533.13081 5619.71724302
5994842.50319 5414.69581662
6036438.50608 5217.12176353
6078323.1283 5026.72597425
6120498.37248 4843.24900155
6162966.25513 4666.44071625
6205728.80678 4496.05997517
6248788.07201 4331.87430077
6292146.10961 4173.65957212
6335804.99266 4021.1997268
6379766.80861 3874.2864733
6424033.65939 3732.71901362
6468607.66155 3596.30377569
6513490.94627 3464.85415519
6558685.65957 3338.19026659
6604193.96233 3216.138703
6650018.03043 3098.53230443
6696160.05485 2985.20993441
6742622.24178 2876.01626443
6789406.8127 2770.80156605
6836516.00451 2669.42151038
6883952.06965 2571.73697473
6931717.27616 2477.61385604
6979813.90783 2386.92289104
7028244.26431 2299.53948268
7077010.66118 2215.34353286
7126115.43011 2134.219281
7175560.91894 2056.05514845
7225349.49179 1980.74358835
7275483.5292 1908.18094087
7325965.42822 1838.26729368
7376797.60253 1770.90634724
7427982.48256 1706.00528502
7479522.51562 1643.47464831
7531420.16597 1583.22821549
7583677.915 1525.18288556
7636298.26128 1469.25856595
7689283.72076 1415.37806421
7742636.82681 1363.46698365
7796360.13041 1313.45362264
7850456.2002 1265.26887761
7904927.6227 1218.84614939
7959777.00231 1174.12125305
8015006.96157 1131.03233078
8070620.14115 1089.5197681
8126619.20009 1049.52611287
8183006.81587 1010.99599735
8239785.68453 973.876062989
8296958.52083 938.114887887
8354528.05838 903.662916908
8412497.04974 870.47239427
8470868.26656 838.497298561
8529644.49974 807.693280083
8588828.55955 778.01760045
8648423.27573 749.429074348
8708431.49769 721.888013389
8768856.09459 695.35617199
8829699.95549 669.79669518
8890965.98953 645.1740683
8952657.126 621.454068499
9014776.31452 598.603717985
9077326.52521 576.591238946
9140310.74876 555.386010104
9203731.99662 534.958524823
9267593.30115 515.280350738
9331897.71573 496.324090823
9396648.31495 478.063345872
9461848.19472 460.472678328
9527500.47243 443.527577417
9593608.28709 427.204425536
9660174.79952 411.480465859
9727203.19245 396.333771104
9794696.6707 381.743213433
9862658.46131 367.688435436
9931091.81375 354.149822159
10000000.0 341.108474151
