# col0 col1
10000.0 0.0
10069.3863148 0.0
10139.2540756 0.0
10209.6066231 0.0
10280.4473209 0.0
10351.7795563 0.0
10423.6067398 0.0
10495.9323056 0.0
10568.7597118 0.0
10642.0924406 0.0
10715.9339982 0.0
10790.2879152 0.0
10865.1577465 0.0
10940.5470721 0.0
11016.4594963 0.0
11092.898649 0.0
11169.8681847 0.0
11247.3717836 0.0
11325.4131515 0.0
11403.9960197 0.0
11483.1241454 0.0
11562.8013121 0.0
11643.0313292 0.0
11723.8180329 0.0
11805.1652857 0.0
11887.0769771 0.0
11969.5570236 0.0
12052.6093687 0.0
12136.2379834 0.0
12220.4468663 0.0
12305.2400436 0.0
12390.6215695 0.0
12476.5955263 0.0
12563.1660247 0.0
12650.337204 0.0
12738.1132319 0.0
12826.4983053 0.0
12915.4966501 0.0
13005.1125217 0.0
13095.3502048 0.0
13186.2140139 0.0
13277.7082936 0.0
13369.8374182 0.0
13462.605793 0.0
13556.0178533 0.0
13650.0780655 0.0
13744.7909268 0.0
13840.1609657 0.0
13936.1927422 0.0
14032.8908479 0.0
14130.259906 0.0
14228.3045721 0.0
14327.0295341 0.0
14426.4395122 0.0
14526.5392595 0.0
14627.333562 0.0
14728.8272391 0.0
14831.0251434 0.0
14933.9321612 0.0
15037.553213 0.0
15141.893253 0.0
15246.9572702 0.0
15352.7502878 0.0
15459.2773642 0.0
15566.5435927 0.0
15674.5541021 0.0
15783.3140565 0.0
15892.8286562 0.0
16003.1031374 0.0
16114.1427725 0.0
16225.9528708 0.0
16338.5387781 0.0
16451.9058775 0.0
16566.0595895 0.0
16681.005372 0.0
16796.7487209 0.0
16913.2951703 0.0
17030.6502925 0.0
17148.8196987 0.0
17267.8090388 0.0
17387.6240022 0.0
17508.2703174 0.0
17629.7537529 0.0
17752.0801172 0.0
17875.255259 0.0
17999.2850678 0.0
18124.1754737 0.0
18249.9324482 0.0
18376.5620039 0.0
18504.0701954 0.0
18632.4631193 0.0
18761.7469144 0.0
18891.9277621 0.0
19023.0118867 0.0
19155.0055557 0.0
19287.9150802 0.0
19421.7468149 0.0
19556.5071587 0.0
19692.2025548 0.0
19828.8394913 0.0
19966.4245011 0.0
20104.9641626 0.0
20244.4650998 0.0
20384.9339825 0.0
20526.3775271 0.0
20668.8024963 0.0
20812.2156999 0.0
20956.6239948 0.0
21102.0342857 0.0
21248.453525 0.0
21395.8887134 0.0
21544.3469003 0.0
21693.8351839 0.0
21844.3607115 0.0
21995.9306803 0.0
22148.5523373 0.0
22302.2329797 0.0
22456.9799554 0.0
22612.8006634 0.0
22769.7025538 0.0
22927.6931287 0.0
23086.7799419 0.0
23246.9705999 0.0
23408.2727618 0.0
23570.69414 0.0
23734.2425002 0.0
23898.9256623 0.0
24064.7515002 0.0
24231.7279424 0.0
24399.8629726 0.0
24569.1646298 0.0
24739.6410089 0.0
24911.3002607 0.0
25084.1505928 0.0
25258.2002696 0.0
25433.457613 0.0
25609.9310026 0.0
25787.6288759 0.0
25966.5597293 0.0
26146.732118 0.0
26328.1546565 0.0
26510.8360191 0.0
26694.7849403 0.0
26880.0102154 0.0
27066.5207003 0.0
27254.3253128 0.0
27443.4330323 0.0
27633.8529005 0.0
27825.5940221 0.0
28018.6655646 0.0
28213.0767594 0.0
28408.8369018 0.0
28605.9553518 0.0
28804.441534 0.0
29004.3049386 0.0
29205.5551218 0.0
29408.2017059 0.0
29612.2543799 0.0
29817.7229002 0.0
30024.6170909 0.0
30232.9468441 0.0
30442.7221206 0.0
30653.9529506 0.0
30866.6494334 0.0
31080.8217387 0.0
31296.4801067 0.0
31513.6348487 0.0
31732.2963473 0.0
31952.4750576 0.0
32174.1815068 0.0
32397.4262953 0.0
32622.2200971 0.0
32848.5736603 0.0
33076.4978074 0.0
33306.0034362 0.0
33537.10152 0.0
33769.8031083 0.0
34004.119327 0.0
34240.0613797 0.0
34477.6405473 0.0
34716.8681893 1e-26
34957.7557436 1e-26
35200.314728 2e-26
35444.5567397 4e-26
35690.4934568 8e-26
35938.136638 1.5e-25
36187.4981241 2.9e-25
36438.5898376 5.6e-25
36691.423784 1.05e-24
36946.012052 1.97e-24
37202.3668141 3.68e-24
37460.5003275 6.86e-24
37720.4249342 1.27e-23
37982.1530619 2.343e-23
38245.6972247 4.302e-23
38511.0700233 7.862e-23
38778.2841459 1.4307e-22
39047.3523689 2.5919e-22
39318.2875571 4.675e-22
39591.1026647 8.3954e-22
39865.8107358 1.5011e-21
40142.424905 2.67244e-21
40420.958398 4.73745e-21
40701.4245322 8.36244e-21
40983.8367176 1.469897e-20
41268.208457 2.572871e-20
41554.5533472 4.484762e-20
41842.885079 7.785086e-20
42133.2174385 1.3458678e-19
42425.5643072 2.3172274e-19
42719.9396631 3.9735109e-19
43016.3575811 6.7862801e-19
43314.8322338 1.15439071e-18
43615.3778921 1.95591287e-18
43918.008926 3.30091017e-18
44222.7398051 5.54903198e-18
44529.5850994 9.29205535e-18
44838.5594802 1.549990466e-17
45149.6777204 2.575612364e-17
45462.9546953 4.263612138e-17
45778.4053838 7.031241137e-17
46096.0448683 1.1551934807e-16
46415.8883361 1.8908502863e-16
46737.9510799 3.0835457808e-16
47062.2484984 5.0100907079e-16
47388.7960972 8.1106137606e-16
47717.6094894 1.30823489994e-15
48048.7043966 2.10257976847e-15
48382.0966493 3.36716778484e-15
48717.8021879 5.37320328593e-15
49055.8370637 8.54414600239e-15
49396.2174388 1.35388410673e-14
49738.9595879 2.13787471418e-14
50084.0798985 3.36419655793e-14
50431.5948717 5.27581030788e-14
50781.5211233 8.24548026855e-14
51133.8753841 1.28431608472e-13
51488.6745014 1.99373393957e-13
51845.9354389 3.08469239656e-13
52205.6752785 4.75681104897e-13
52567.9112202 7.31120972513e-13
52932.6605836 1.12006118107e-12
53299.9408084 1.71034295331e-12
53669.7694554 2.60329471056e-12
54042.1642071 3.94976995511e-12
54417.1428687 5.97362822403e-12
54794.723369 9.00600170093e-12
55174.9237613 1.35351403384e-11
55557.762224 2.02786854342e-11
55943.2570617 3.02881298702e-11
56331.426706 4.50993214886e-11
56722.2897164 6.69486225829e-11
57115.8647813 9.90823982054e-11
57512.1707184 1.46198754413e-10
57911.2264764 2.15076096432e-10
58313.0511353 3.15464778789e-10
58717.6639073 4.61348121838e-10
59125.0841383 6.72720417119e-10
59535.3313081 9.78086351557e-10
59948.4250319 1.41796408744e-09
60364.3850608 2.04978047791e-09
60783.231283 2.95469152738e-09
61204.9837248 4.24705749705e-09
61629.6625513 6.08756766021e-09
62057.2880678 8.70136803191e-09
62487.8807201 1.24030273619e-08
62921.4610961 1.76308230394e-08
63358.0499266 2.49936928446e-08
63797.6680861 3.53353507943e-08
64240.3365939 4.98215972056e-08
64686.0766155 7.00588836772e-08
65134.9094627 9.82548776188e-08
65586.8565957 1.37435308324e-07
66041.9396233 1.91736025567e-07
66500.1803043 2.66795294391e-07
66961.6005485 3.70279312105e-07
67426.2224178 5.12584310274e-07
67894.068127 7.07772090258e-07
68365.1600451 9.74813318936e-07
68839.5206965 1.33923550126e-06
69317.1727616 1.83530166398e-06
69798.1390783 2.50888321454e-06
70282.4426431 3.42123842395e-06
70770.1066118 4.65396933404e-06
71261.1543011 6.31550812172e-06
71755.6091894 8.54958344631e-06
72253.4949179 1.15462435045e-05
72754.835292 1.55561721681e-05
73259.6542822 2.09092360244e-05
73767.9760253 2.8038453654e-05
74279.8248256 3.75108967066e-05
74795.2251562 5.00674307562e-05
75314.2016597 6.66737014677e-05
75836.77915 8.85853913741e-05
76362.9826128 0.000117431542598
76892.8372076 0.00015532069519
77426.3682681 0.000204975770522
77963.6013041 0.000269905084002
78504.562002 0.000354618660873
79049.276227 0.00046490122466
79597.7700231 0.000608155915419
80150.0696157 0.000793836076491
80706.2014115 0.00103398644543
81266.1920009 0.00134391994114
81830.0681587 0.00174306212585
82397.8568453 0.00225600253809
82969.5852083 0.00291380067881
83545.2805838 0.00375560476469
84124.9704974 0.00483065376597
84708.6826656 0.00620074810134
85296.4449974 0.00794329211084
85888.2855955 0.0101550325842
86484.2327573 0.0129566427802
87084.3149769 0.0164983312208
87688.5609459 0.0209666898712
88296.9995549 0.0265930380349
88909.6598953 0.033663567439
89526.57126 0.0425316517528
90147.7631452 0.053632751519
90773.2652521 0.0675024247323
91403.1074876 0.0847980458001
92037.3199662 0.106324943353
92675.9330115 0.133067792535
93318.9771573 0.166228242506
93966.4831495 0.207269927694
94618.4819472 0.257972204984
95275.0047243 0.320494181967
95936.0828709 0.397450857449
96601.7479952 0.49200348888
97272.0319245 0.607966636944
97946.966707 0.749934720319
98626.5846131 0.923431349358
99310.9181375 1.13508520216
100000.0 1.3928367671
100693.863148 1.70618090959
101392.540756 2.08645093531
102096.066231 2.54715062636
102804.473209 3.10434162943
103517.795563 3.77709458581
104236.067398 4.58801352287
104959.323056 5.56384428561
105687.597118 6.7361791873
106420.924406 8.14227161191
107159.339982 9.82597602065
107902.879152 11.8388307137
108651.577465 14.2413027901
109405.470721 17.1042170465
110164.594963 20.510393076
110928.98649 24.5565175805
111698.681847 29.3552819175
112473.717836 35.0378181673
113254.131515 41.7564705558
114039.960197 49.6879429026
114831.241454 59.0368669103
115628.013121 70.0398405653
116430.313292 82.9699907104
117238.180329 98.1421189695
118051.652857 115.918495674
118870.769771 136.715372255
119695.570236 161.010288748
120526.093687 189.350259565
121362.379834 222.360927589
122204.468663 260.756783867
123052.400436 305.352557723
123906.215695 357.075890057
124765.955263 416.981410727
125631.660247 486.266349453
126503.37204 566.287818391
127381.132319 658.581913516
128264.983053 764.884791077
129154.966501 887.155884716
130051.125217 1027.60343819
130953.502048 1188.71253808
131862.140139 1373.27584019
132777.082936 1584.42719275
133698.374182 1825.67836836
134626.05793 2100.95912572
135560.178533 2414.66083041
136500.780655 2771.68387206
137447.909268 3177.48912252
138401.609657 3638.15368656
139361.927422 4160.43120218
140328.908479 4751.81695295
141302.59906 5420.61805818
142283.045721 6176.02900976
143270.295341 7028.21282572
144264.395122 7988.38808999
145265.392595 9068.92214661
146273.33562 10283.4307123
147288.272391 11646.8841663
148310.251434 13175.7207678
149339.321612 14887.9670433
150375.53213 16803.3655703
151418.93253 18943.5103734
152469.572702 21331.9901276
153527.502878 23994.5393459
154592.773642 26959.1977025
155665.435927 30256.4776212
156745.541021 33919.5402229
157833.140565 37984.3797016
158928.286562 42490.0161557
160031.031374 47478.6968673
161141.427725 52996.1059789
162259.528708 59091.5824713
163385.387781 65818.3462991
164519.058775 73233.7324882
165660.595895 81399.4329455
166810.05372 90381.7456744
167967.487209 100251.831028
169132.951703 111085.974568
170306.502925 122965.856045
171488.196987 135978.823916
172678.090388 150218.174794
173876.240022 165783.437107
175082.703174 182780.658203
176297.537529 201322.694045
177520.801172 221529.500583
178752.55259 243528.425806
179992.850678 267454.501395
181241.754737 293450.732851
182499.324482 321668.386875
183765.620039 352267.27471
185040.701954 385416.030117
186324.631193 421292.38053
187617.469144 460083.409957
188919.277621 501985.812043
190230.118867 547206.131743
191550.055557 595960.993938
192879.150802 648477.317323
194217.468149 704992.511839
195565.071587 765754.657898
196922.025548 831022.665623
198288.394913 901066.412307
199664.245011 976166.856284
201049.641626 1056616.12541
202444.650998 1142717.57837
203849.339825 1234785.83696
205263.775271 1333146.78776
206688.024963 1438137.55122
208122.156999 1550106.41675
209566.239948 1669412.74201
211020.342857 1796426.81495
212484.53525 1931529.67708
213958.887134 2075112.90659
215443.469003 2227578.36004
216938.351839 2389337.87143
218443.607115 2560812.9076
219959.306803 2742434.17892
221485.523373 2934641.20466
223022.329797 3137881.83218
224569.799554 3352611.70953
226128.006634 3579293.7111
227697.025538 3818397.31617
229276.931287 4070397.9403
230867.799419 4335776.21975
232469.705999 4615017.24937
234082.727618 4908609.77441
235706.9414 5217045.33712
237342.425002 5540817.37896
238989.256623 5880420.29974
240647.515002 6236348.47487
242317.279424 6609095.23246
243998.629726 6999151.79182
245691.646298 7407006.16559
247396.410089 7833142.02739
249113.002607 8278037.54751
250841.505928 8742164.19911
252582.002696 9225985.53775
254334.57613 9729955.95691
256099.310026 10254519.4229
257876.288759 10800108.1922
259665.597293 11367141.5144
261467.32118 11956024.3245
263281.546565 12567145.9289
265108.360191 13200878.6868
266947.849403 13857576.6932
268800.102154 14537574.4662
270665.207003 15241185.6425
272543.253128 15968701.6859
274434.330323 16720390.6124
276338.529005 17496495.7363
278255.940221 18297234.4409
280186.655646 19122796.979
282130.767594 19973345.3067
284088.369018 20849011.9539
286059.553518 21749898.9373
288044.41534 22676076.718
290043.049386 23627583.2093
292055.551218 24604422.8367
294082.017059 25606565.6556
296122.543799 26633946.5284
298177.229002 27686464.3666
300246.170909 28763981.4383
302329.468441 29866322.7468
304427.221206 30993275.4818
306539.529506 32144588.5455
308666.494334 33319972.1578
310808.217387 34519097.5402
312964.801067 35741596.6827
315136.348487 36987062.1946
317322.963473 38255047.2398
319524.750576 39545065.5597
321741.815068 40856591.5825
323974.262953 42189060.6217
326222.200971 43541869.1621
328485.736603 44914375.2358
330764.978074 46305898.8856
333060.034362 47715722.717
335371.0152 49143092.5383
337698.031083 50587218.0864
340041.19327 52047273.8381
342400.613797 53522399.9058
344776.405473 55011703.0144
347168.681893 56514257.5589
349577.557436 58029106.7396
352003.14728 59555263.7727
354445.567397 61091713.1731
356904.934568 62637412.1075
359381.36638 64191291.8137
361874.981241 65752259.0828
364385.898376 67319197.8014
366914.23784 68890970.5498
369460.12052 70466420.2518
372023.668141 72044371.8732
374605.003275 73623634.1636
377204.249342 75203001.4384
379821.530619 76781255.3959
382456.972247 78357166.9652
385110.700233 79929498.1809
387782.841459 81497004.0789
390473.523689 83058434.6103
393182.875571 84612536.5671
395911.026647 86158055.5166
398658.107358 87693737.7384
401424.24905 89218332.1605
404209.58398 90730592.2898
407014.245322 92229278.1317
409838.367176 93713158.0952
412682.08457 95181010.8786
415545.533472 96631627.3321
418428.85079 98063812.2919
421332.174385 99476386.3836
424255.643072 100868187.789
427199.396631 102238073.973
430163.575811 103584923.37
433148.322338 104907637.02
436153.778921 106205140.157
439180.08926 107476383.741
442227.398051 108720345.942
445295.850994 109936033.553
448385.594802 111122483.35
451496.777204 112278763.389
454629.546953 113403974.227
457784.053838 114497250.086
460960.448683 115557759.941
464158.883361 116584708.536
467379.510799 117577337.327
470622.484984 118534925.358
473887.960972 119456790.05
477176.094894 120342287.921
480487.043966 121190815.229
483820.966493 122001808.539
487178.021879 122774745.21
490558.370637 123509143.803
493962.174388 124204564.423
497389.595879 124860608.969
500840.798985 125476921.324
504315.948717 126053187.458
507815.211233 126589135.461
511338.753841 127084535.507
514886.745014 127539199.741
518459.354389 127952982.1
522056.752785 128325778.059
525679.112202 128657524.319
529326.605836 128948198.423
532999.408084 129197818.311
536697.694554 129406441.817
540421.642071 129574166.099
544171.428687 129701127.025
547947.23369 129787498.489
551749.237613 129833491.69
555577.62224 129839354.354
559432.570617 129805369.907
563314.26706 129731856.611
567222.897164 129619166.651
571158.647813 129467685.189
575121.707184 129277829.38
579112.264764 129050047.351
583130.511353 128784817.152
587176.639073 128482645.683
591250.841383 128144067.588
595353.313081 127769644.128
599484.250319 127359962.044
603643.850608 126915632.386
607832.31283 126437289.341
612049.837248 125925589.043
616296.625513 125381208.376
620572.880678 124804843.766
624878.807201 124197209.974
629214.610961 123559038.882
633580.499266 122891078.284
637976.680861 122194090.675
642403.365939 121468852.045
646860.766155 120716150.686
651349.094627 119936785.999
655868.565957 119131567.32
660419.396233 118301312.749
665001.803043 117446848.008
669616.005485 116569005.297
674262.224178 115668622.185
678940.68127 114746540.51
683651.600451 113803605.301
688395.206965 112840663.727
693171.727616 111858564.065
697981.390783 110858154.695
702824.426431 109840283.118
707701.066118 108805795.004
712611.543011 107755533.267
717556.091894 106690337.165
722534.949179 105611041.436
727548.35292 104518475.456
732596.542822 103413462.434
737679.760253 102296818.635
742798.248256 101169352.633
747952.251562 100031864.6
753142.016597 98885145.6193
758367.7915 97729977.0433
763629.826128 96567129.8695
768928.372076 95397364.1587
774263.682681 94221428.4806
779636.013041 93040059.3938
785045.62002 91853980.9565
790492.76227 90663904.2693
795977.700231 89470527.0497
801500.696157 88274533.2374
807062.014115 87076592.6308
812661.920009 85877360.5534
818300.681587 84677477.5504
823978.568453 83477569.1147
829695.852083 82278245.4414
835452.805838 81080101.211
841249.704974 79883715.3998
847086.826656 78689651.1179
852964.449974 77498455.4725
858882.855955 76310659.4582
864842.327573 75126777.8707
870843.149769 73947309.246
876885.609459 72772735.822
882969.995549 71603523.5231
889096.598953 70440121.9668
895265.7126 69282964.4909
901477.631452 68132468.2015
907732.652521 66989034.0395
914031.074876 65853046.8668
920373.199662 64724875.5694
926759.330115 63604873.1779
933189.771573 62493377.0036
939664.831495 61390708.7911
946184.819472 60297174.8835
952750.047243 59213066.4035
959360.828709 58138659.4454
966017.479952 57074215.2807
972720.319245 56019980.5741
979469.66707 54976187.6104
986265.846131 53943054.5317
993109.181375 52920785.5824
1000000.0 51909571.3641
1006938.63148 50909589.097
1013925.40756 49921002.8888
1020960.66231 48943964.0097
1028044.73209 47978611.173
1035177.95563 47025070.8209
1042360.67398 46083457.4141
1049593.23056 45153873.7261
1056875.97118 44236411.1397
1064209.24406 43331149.9466
1071593.39982 42438159.6491
1079028.79152 41557499.2633
1086515.77465 40689217.623
1094054.70721 39833353.6847
1101645.94963 38989936.8322
1109289.8649 38158987.1815
1116986.81847 37340515.884
1124737.17836 36534525.4294
1132541.31515 35741009.9466
1140399.60197 34959955.503
1148312.41454 34191340.4008
1156280.13121 33435135.4719
1164303.13292 32691304.369
1172381.80329 31959803.8536
1180516.52857 31240584.0812
1188707.69771 30533588.882
1196955.70236 29838756.0385
1205260.93687 29156017.5581
1213623.79834 28485299.9421
1222044.68663 27826524.4497
1230524.00436 27179607.3579
1239062.15695 26544460.2157
1247659.55263 25920990.0942
1256316.60247 25309099.831
1265033.7204 24708688.2698
1273811.32319 24119650.4944
1282649.83053 23541878.0577
1291549.66501 22975259.2047
1300511.25217 22419679.0907
1309535.02048 21875019.9934
1318621.40139 21341161.5194
1327770.82936 20817980.8058
1336983.74182 20305352.7151
1346260.5793 19803150.0256
1355601.78533 19311243.6152
1365007.80655 18829502.6403
1374479.09268 18357794.7084
1384016.09657 17895986.0463
1393619.27422 17443941.6612
1403289.08479 17001525.4978
1413025.9906 16568600.5889
1422830.45721 16145029.2012
1432702.95341 15730672.9757
1442643.95122 15325393.0624
1452653.92595 14929050.2504
1462733.3562 14541505.0928
1472882.72391 14162618.0259
1483102.51434 13792249.4844
1493393.21612 13430260.0109
1503755.3213 13076510.3614
1514189.3253 12730861.6051
1524695.72702 12393175.2209
1535275.02878 12063313.188
1545927.73642 11741138.073
1556654.35927 11426513.1128
1567455.41021 11119302.2925
1578331.40565 10819370.4195
1589282.86562 10526583.1945
1600310.31374 10240807.2769
1611414.27725 9961910.34799
1622595.28708 9689761.16927
1633853.87781 9424229.63806
1645190.58775 9165186.83901
1656605.95895 8912505.09248
1668100.5372 8666057.99962
1679674.87209 8425720.48417
1691329.51703 8191368.83129
1703065.02925 7962880.72332
1714881.96987 7740135.27271
1726780.90388 7523013.05212
1738762.40022 7311396.12187
1750827.03174 7105168.05475
1762975.37529 6904213.9584
1775208.01172 6708420.49524
1787525.5259 6517675.90004
1799928.50678 6331869.9954
1812417.54737 6150894.20495
1824993.24482 5974641.5646
1837656.20039 5803006.73178
1850407.01954 5635885.99283
1863246.31193 5473177.26856
1876174.69144 5314780.11815
1889192.77621 5160595.74132
1902301.18867 5010526.97904
1915500.55557 4864478.31268
1928791.50802 4722355.86175
1942174.68149 4584067.38036
1955650.71587 4449522.2523
1969220.25548 4318631.485
1982883.94913 4191307.7023
1996642.45011 4067465.13615
2010496.41626 3947019.61727
2024446.50998 3829888.5649
2038493.39825 3715990.9756
2052637.75271 3605247.41118
2066880.24963 3497579.98592
2081221.56999 3392912.35298
2095662.39948 3291169.69012
2110203.42857 3192278.68481
2124845.3525 3096167.5187
2139588.87134 3002765.8516
2154434.69003 2912004.80489
2169383.51839 2823816.94449
2184436.07115 2738136.26342
2199593.06803 2654898.16391
2214855.23373 2574039.43926
2230223.29797 2495498.2553
2245697.99554 2419214.13158
2261280.06634 2345127.92237
2276970.25538 2273181.79738
2292769.31287 2203319.2223
2308677.99419 2135484.93924
2324697.05999 2069624.94695
2340827.27618 2005686.48102
2357069.414 1943617.99391
2373424.25002 1883369.13504
2389892.56623 1824890.73071
2406475.15002 1768134.76413
2423172.79424 1713054.35537
2439986.29726 1659603.74136
2456916.46298 1607738.25597
2473964.10089 1557414.31011
2491130.02607 1508589.37191
2508415.05928 1461221.94701
2525820.02696 1415271.55893
2543345.7613 1370698.72962
2560993.10026 1327464.96005
2578762.88759 1285532.71103
2596655.97293 1244865.38411
2614673.2118 1205427.30274
2632815.46565 1167183.69349
2651083.60191 1130100.66755
2669478.49403 1094145.20239
2688001.02154 1059285.12356
2706652.07003 1025489.0868
2725432.53128 992726.560322
2744343.30323 960967.807236
2763385.29005 930183.868321
2782559.40221 900346.54494
2801866.55646 871428.382218
2821307.67594 843402.652452
2840883.69018 816243.338754
2860595.53518 789925.118945
2880444.1534 764423.349685
2900430.49386 739714.050854
2920555.51218 715773.890183
2940820.17059 692580.168124
2961225.43799 670110.802986
2981772.29002 648344.316306
3002461.70909 627259.818483
3023294.68441 606836.994657
3044272.21206 587056.090845
3065395.29506 567897.900316
3086664.94334 549343.750233
3108082.17387 531375.488531
3129648.01067 513975.471045
3151363.48487 497126.548894
3173229.63473 480812.056097
3195247.50576 465015.797444
3217418.15068 449722.036602
3239742.62953 434915.48446
3262222.00971 420581.287723
3284857.36603 406705.017726
3307649.78074 393272.659492
3330600.34362 380270.601015
3353710.152 367685.622778
3376980.31083 355504.887489
3400411.9327 343715.930044
3424006.13797 332306.647708
3447764.05473 321265.290517
3471686.81893 310580.45189
3495775.57436 300241.059452
3520031.4728 290236.366072
3544455.67397 280555.941096
3569049.34568 271189.66179
3593813.6638 262127.704979
3618749.81241 253360.538879
3643858.98376 244878.91513
3669142.3784 236673.861005
3694601.2052 228736.67182
3720236.68141 221058.903515
3746050.03275 213632.36542
3772042.49342 206449.113198
3798215.30619 199501.441956
3824569.72247 192781.879534
3851107.00233 186283.179957
3877828.41459 179998.317044
3904735.23689 173920.47819
3931828.75571 168043.058293
3959110.26647 162359.653847
3986581.07358 156864.057175
4014242.4905 151550.250815
4042095.8398 146412.402053
4070142.45322 141444.857593
4098383.67176 136642.138371
4126820.8457 131998.934498
4155455.33472 127510.100343
4184288.5079 123170.649743
4213321.74385 118975.751338
4242556.43072 114920.724033
4271993.96631 111001.032584
4301635.75811 107212.283294
4331483.22338 103550.219837
4361537.78921 100010.719185
4391800.8926 96589.7876527
4422273.98051 93283.5570454
4452958.50994 90088.2809163
4483855.94802 87000.3309252
4514967.77204 84016.1932981
4546295.46953 81132.4653849
4577840.53838 78345.8523136
4609604.48683 75653.163737
4641588.83361 73051.3106716
4673795.10799 70537.3024247
4706224.84984 68108.2436092
4738879.60972 65761.3312415
4771760.94894 63493.8519235
4804870.43966 61303.1791039
4838209.66493 59186.770418
4871780.21879 57142.1651042
4905583.70637 55166.9814944
4939621.74388 53258.914577
4973895.95879 51415.7336307
5008407.98985 49635.2799264
5043159.48717 47915.4644965
5078152.11233 46254.2659694
5113387.53841 44649.7284667
5148867.45014 43099.9595631
5184593.54389 41603.1283056
5220567.52785 40157.4632911
5256791.12202 38761.250802
5293266.05836 37412.8329952
5329994.08084 36110.6061471
5366976.94554 34853.018949
5404216.42071 33638.5708548
5441714.28687 32465.8104776
5479472.3369 31333.3340342
5517492.37613 30239.7838371
5555776.2224 29183.8468317
5594325.70617 28164.2531773
5633142.6706 27179.7748715
5672228.97164 26229.2244167
5711586.47813 25311.4535265
5751217.07184 24425.3518718
5791122.64764 23569.8458655
5831305.11353 22743.8974841
5871766.39073 21946.5031256
5912508.41383 21176.6925024
5953533.13081 20433.5275686
5994842.50319 19716.1014799
6036438.50608 19023.5375863
6078323.1283 18354.9884555
6120498.37248 17709.6349271
6162966.25513 17086.6851956
6205728.80678 16485.3739227
6248788.07201 15904.9613765
6292146.10961 15344.7325986
6335804.99266 14803.9965965
6379766.80861 14282.0855615
6424033.65939 13778.3541115
6468607.66155 13292.1785576
6513490.94627 12822.9561933
6558685.65957 12370.1046069
6604193.96233 11933.0610153
6650018.03043 11511.2816186
6696160.05485 11104.240976
6742622.24178 10711.4314009
6789406.8127 10332.3623753
6836516.00451 9966.55998325
6883952.06965 9613.56636224
6931717.27616 9272.93917182
6979813.90783 8944.25107976
7028244.26431 8627.08926435
7077010.66118 8321.05493287
7126115.43011 8025.76285545
7175560.91894 7740.84091404
7225349.49179 7465.92966585
7275483.5292 7200.68192099
7325965.42822 6944.7623337
7376797.60253 6697.8470069
7427982.48256 6459.62310948
7479522.51562 6229.78850611
7531420.16597 6008.05139908
7583677.915 5794.12998173
7636298.26128 5587.75210331
7689283.72076 5388.65494465
7742636.82681 5196.58470455
7796360.13041 5011.29629636
7850456.2002 4832.55305457
7904927.6227 4660.12645094
7959777.00231 4493.79582004
8015006.96157 4333.34809377
8070620.14115 4178.57754467
8126619.20009 4029.28553762
8183006.81587 3885.2802898
8239785.68453 3746.37663855
8296958.52083 3612.39581691
8354528.05838 3483.16523662
8412497.04974 3358.51827828
8470868.26656 3238.29408847
8529644.49974 3122.33738365
8588828.55955 3010.49826057
8648423.27573 2902.63201294
8708431.49769 2798.59895426
8768856.09459 2698.26424658
8829699.95549 2601.4977349
8890965.98953 2508.1737872
8952657.126 2418.17113971
9014776.31452 2331.3727475
9077326.52521 2247.66563993
9140310.74876 2166.94078107
9203731.99662 2089.09293476
9267593.30115 2014.02053417
9331897.71573 1941.62555581
9396648.31495 1871.81339778
9461848.19472 1804.49276204
9527500.47243 1739.57554078
9593608.28709 1676.97670651
9660174.79952 1616.61420595
9727203.19245 1558.40885744
9794696.6707 1502.28425189
9862658.46131 1448.16665701
9931091.81375 1395.98492489
10000000.0 1345.67040259
