# col0 col1
10000.0 0.0
10069.3863148 0.0
10139.2540756 0.0
10209.6066231 0.0
10280.4473209 0.0
10351.7795563 0.0
10423.6067398 0.0
10495.9323056 0.0
10568.7597118 0.0
10642.0924406 0.0
10715.9339982 0.0
10790.2879152 0.0
10865.1577465 0.0
10940.5470721 0.0
11016.4594963 0.0
11092.898649 0.0
11169.8681847 0.0
11247.3717836 0.0
11325.4131515 0.0
11403.9960197 0.0
11483.1241454 0.0
11562.8013121 0.0
11643.0313292 0.0
11723.8180329 0.0
11805.1652857 0.0
11887.0769771 0.0
11969.5570236 0.0
12052.6093687 0.0
12136.2379834 0.0
12220.4468663 0.0
12305.2400436 0.0
12390.6215695 0.0
12476.5955263 0.0
12563.1660247 0.0
12650.337204 0.0
12738.1132319 0.0
12826.4983053 0.0
12915.4966501 0.0
13005.1125217 0.0
13095.3502048 0.0
13186.2140139 0.0
13277.7082936 0.0
13369.8374182 0.0
13462.605793 0.0
13556.0178533 0.0
13650.0780655 0.0
13744.7909268 0.0
13840.1609657 0.0
13936.1927422 0.0
14032.8908479 0.0
14130.259906 0.0
14228.3045721 0.0
14327.0295341 0.0
14426.4395122 0.0
14526.5392595 0.0
14627.333562 0.0
14728.8272391 0.0
14831.0251434 0.0
14933.9321612 0.0
15037.553213 1e-26
15141.893253 2e-26
15246.9572702 4e-26
15352.7502878 8e-26
15459.2773642 1.5e-25
15566.5435927 2.9e-25
15674.5541021 5.6e-25
15783.3140565 1.08e-24
15892.8286562 2.08e-24
16003.1031374 3.98e-24
16114.1427725 7.57e-24
16225.9528708 1.434e-23
16338.5387781 2.703e-23
16451.9058775 5.071e-23
16566.0595895 9.471e-23
16681.005372 1.7607e-22
16796.7487209 3.2581e-22
16913.2951703 6.0018e-22
17030.6502925 1.10059e-21
17148.8196987 2.0092e-21
17267.8090388 3.65162e-21
17387.6240022 6.6073e-21
17508.2703174 1.190294e-20
17629.7537529 2.134951e-20
17752.0801172 3.812755e-20
17875.255259 6.779847e-20
17999.2850678 1.2004492e-19
18124.1754737 2.1165251e-19
18249.9324482 3.7159637e-19
18376.5620039 6.4968158e-19
18504.0701954 1.13115789e-18
18632.4631193 1.9613357e-18
18761.7469144 3.3868739e-18
18891.9277621 5.82474329e-18
19023.0118867 9.97694118e-18
19155.0055557 1.702052697e-17
19287.9150802 2.892115182e-17
19421.7468149 4.89482425e-17
19556.5071587 8.251813709e-17
19692.2025548 1.3856843077e-16
19828.8394913 2.3178933603e-16
19966.4245011 3.8623220974e-16
20104.9641626 6.4112239436e-16
20244.4650998 1.06018653112e-15
20384.9339825 1.74656146106e-15
20526.3775271 2.866533473e-15
20668.8024963 4.68719408998e-15
20812.2156999 7.63594473892e-15
20956.6239948 1.23941743964e-14
21102.0342857 2.00441851777e-14
21248.453525 3.22987788347e-14
21395.8887134 5.18586887965e-14
21544.3469003 8.29670138093e-14
21693.8351839 1.32266108325e-13
21844.3607115 2.10117148587e-13
21995.9306803 3.32624911922e-13
22148.5523373 5.24733594075e-13
22302.2329797 8.24943467361e-13
22456.9799554 1.29247174067e-12
22612.8006634 2.01808628598e-12
22769.7025538 3.14043926352e-12
22927.6931287 4.870607959e-12
23086.7799419 7.52884062744e-12
23246.9705999 1.15993903804e-11
23408.2727618 1.78120647495e-11
23570.69414 2.72631004959e-11
23734.2425002 4.15937306151e-11
23898.9256623 6.32531066826e-11
24064.7515002 9.58841539119e-11
24231.7279424 1.44887989087e-10
24399.8629726 2.18246857814e-10
24569.1646298 3.27720134835e-10
24739.6410089 4.90576945939e-10
24911.3002607 7.32098203321e-10
25084.1505928 1.08917832074e-09
25258.2002696 1.61549366718e-09
25433.457613 2.38889617192e-09
25609.9310026 3.52195731862e-09
25787.6288759 5.17695864892e-09
25966.5597293 7.58713879379e-09
26146.732118 1.10867168824e-08
26328.1546565 1.61531895969e-08
26510.8360191 2.34667408562e-08
26694.7849403 3.3993439244e-08
26880.0102154 4.91014033503e-08
27066.5207003 7.07225224998e-08
27254.3253128 1.01576940857e-07
27443.4330323 1.45483759813e-07
27633.8529005 2.07789834144e-07
27825.5940221 2.95959854436e-07
28018.6655646 4.20386073003e-07
28213.0767594 5.95496291831e-07
28408.8369018 8.4126572278e-07
28605.9553518 1.18527418401e-06
28804.441534 1.66549758479e-06
29004.3049386 2.33408536887e-06
29205.5551218 3.26245818284e-06
29408.2017059 4.5481685027e-06
29612.2543799 6.32410899221e-06
29817.7229002 8.77083885035e-06
30024.6170909 1.21330399476e-05
30232.9468441 1.67414282224e-05
30442.7221206 2.30418520284e-05
30653.9529506 3.16338337591e-05
30866.6494334 4.33214867969e-05
31080.8217387 5.91806078039e-05
31296.4801067 8.06468562772e-05
31513.6348487 0.000109631353874
31732.2963473 0.00014867184614
31952.4750576 0.000201129869654
32174.1815068 0.000271447283269
32397.4262953 0.00036547920806
32622.2200971 0.000490925068015
32848.5736603 0.000657885268058
33076.4978074 0.000879578377161
33306.0034362 0.00117326285641
33537.10152 0.00156141881809
33769.8031083 0.00207325954936
34004.119327 0.00274666022419
34240.0613797 0.00363061313514
34477.6405473 0.0047883458419
34716.8681893 0.00630127198469
34957.7557436 0.00827398550699
35200.314728 0.0108405593012
35444.5567397 0.0141724707773
35690.4934568 0.0184885518792
35938.136638 0.0240674523905
36187.4981241 0.0312632162517
36438.5898376 0.040524704918
36691.423784 0.0524197640795
36946.012052 0.067665225698
37202.3668141 0.0871640725859
37460.5003275 0.112051374997
37720.4249342 0.14375094652
37982.1530619 0.184045069911
38245.6972247 0.235160123996
38511.0700233 0.299871513769
38778.2841459 0.381631982798
39047.3523689 0.484728187863
39318.2875571 0.614471360684
39591.1026647 0.777428994246
39865.8107358 0.981705798012
40142.424905 1.23728369788
40420.958398 1.55643244728
40701.4245322 1.9542045047
40983.8367176 2.44903026363
41268.208457 3.0634325439
41554.5533472 3.82488252301
41842.885079 4.76682306606
42133.2174385 5.92988977104
42425.5643072 7.36336506139
42719.9396631 9.12690641386
43016.3575811 11.2925964032
43314.8322338 13.9473697785
43615.3778921 17.1958813747
43918.008926 21.163888434
44222.7398051 26.0022319965
44529.5850994 31.8915145751
44838.5594802 39.0475855107
45149.6777204 47.7279613854
45462.9546953 58.2393268453
45778.4053838 70.9462813456
46096.0448683 86.281519899
46415.8883361 104.757661104
46737.9510799 126.980963803
47062.2484984 153.667204921
47388.7960972 185.660025625
47717.6094894 223.9520912
48048.7043966 269.709452276
48382.0966493 324.299541492
48717.8021879 389.323290744
49055.8370637 466.651910034
49396.2174388 558.468930056
49738.9595879 667.318177184
50084.0798985 796.158421932
50431.5948717 948.425520405
50781.5211233 1128.10295312
51133.8753841 1339.80175707
51488.6745014 1588.85094547
51845.9354389 1881.39961487
52205.6752785 2224.53205282
52567.9112202 2626.39727896
52932.6605836 3096.35458115
53299.9408084 3645.1367434
53669.7694554 4285.03280618
54042.1642071 5030.0923503
54417.1428687 5896.35345441
54794.723369 6902.09664156
55174.9237613 8068.1273033
55557.762224 9418.08926854
55943.2570617 10978.8123703
56331.426706 12780.6970532
56722.2897164 14858.1392615
57115.8647813 17249.9990433
57512.1707184 20000.1165129
57911.2264764 23157.8790128
58313.0511353 26778.8435212
58717.6639073 30925.4185556
59125.0841383 35667.6100202
59535.3313081 41083.8356404
59948.4250319 47261.8128177
60364.3850608 54299.5249164
60783.231283 62306.2711638
61204.9837248 71403.8055022
61629.6625513 81727.5698689
62057.2880678 93428.0275049
62487.8807201 106672.101992
62921.4610961 121644.727796
63358.0499266 138550.518136
63797.6680861 157615.55604
64240.3365939 179089.314395
64686.0766155 203246.710794
65134.9094627 230390.30285
65586.8565957 260852.629553
66041.9396233 294998.704023
66500.1803043 333228.662826
66961.6005485 375980.576699
67426.2224178 423733.427234
67894.068127 477010.25363
68365.1600451 536381.473215
68839.5206965 602468.378872
69317.1727616 675946.815975
69798.1390783 757551.040735
70282.4426431 848077.761184
70770.1066118 948390.36121
71261.1543011 1059423.30722
71755.6091894 1182186.73605
72253.4949179 1317771.22183
72754.835292 1467352.71825
73259.6542822 1632197.67189
73767.9760253 1813668.30066
74279.8248256 2013228.03046
74795.2251562 2232447.08178
75314.2016597 2473008.19641
75836.77915 2736712.49329
76362.9826128 3025485.44086
76892.8372076 3341382.93177
77426.3682681 3686597.44445
77963.6013041 4063464.27418
78504.562002 4474467.81499
79049.276227 4922247.87201
79597.7700231 5409605.98215
80150.0696157 5939511.71975
80706.2014115 6515108.96181
81266.1920009 7139722.08641
81830.0681587 7816862.07573
82397.8568453 8550232.49445
82969.5852083 9343735.31215
83545.2805838 10201476.5375
84124.9704974 11127771.6305
84708.6826656 12127150.6584
85296.4449974 13204363.1588
85888.2855955 14364382.6741
86484.2327573 15612410.9192
87084.3149769 16953881.5445
87688.5609459 18394463.4555
88296.9995549 19940063.6508
88909.6598953 21596829.5381
89526.57126 23371150.6902
90147.7631452 25269660.0021
90773.2652521 27299234.21
91403.1074876 29466993.7354
92037.3199662 31780301.8171
92675.9330115 34246762.8943
93318.9771573 36874220.2079
93966.4831495 39670752.5851
94618.4819472 42644670.377
95275.0047243 45804510.5194
95936.0828709 49159030.6897
96601.7479952 52717202.534
97272.0319245 56488203.9433
97946.966707 60481410.3588
98626.5846131 64706385.0888
99310.9181375 69172868.6252
100000.0 73890766.9488
100693.863148 78870138.8167
101392.540756 84121182.0296
102096.066231 89654218.6797
102804.473209 95479679.3842
103517.795563 101608086.513
104236.067398 108050036.427
104959.323056 114816180.736
105687.597118 121917206.612
106420.924406 129363816.17
107159.339982 137166704.954
107902.879152 145336539.566
108651.577465 153883934.469
109405.470721 162819428.014
110164.594963 172153457.737
110928.98649 181896334.978
111698.681847 192058218.879
112473.717836 202649089.817
113254.131515 213678722.344
114039.960197 225156657.691
114831.241454 237092175.915
115628.013121 249494267.759
116430.313292 262371606.302
117238.180329 275732518.48
118051.652857 289584956.558
118870.769771 303936469.639
119695.570236 318794175.293
120526.093687 334164731.395
121362.379834 350054308.266
122204.468663 366468561.195
123052.400436 383412603.436
123906.215695 400890979.784
124765.955263 418907640.793
125631.660247 437465917.751
126503.37204 456568498.484
127381.132319 476217404.088
128264.983053 496413966.659
129154.966501 517158808.123
130051.125217 538451820.234
130953.502048 560292145.823
131862.140139 582678161.376
132777.082936 605607461.006
133698.374182 629076841.894
134626.05793 653082291.269
135560.178533 677618974.967
136500.780655 702681227.651
137447.909268 728262544.725
138401.609657 754355575.994
139361.927422 780952121.115
140328.908479 808043126.869
141302.59906 835618686.287
142283.045721 863668039.657
143270.295341 892179577.428
144264.395122 921140845.023
145265.392595 950538549.575
146273.33562 980358568.581
147288.272391 1010585960.47
148310.251434 1041204977.07
149339.321612 1072199078.0
150375.53213 1103550946.86
151418.93253 1135242509.32
152469.572702 1167254952.99
153527.502878 1199568749.06
154592.773642 1232163675.64
155665.435927 1265018842.79
156745.541021 1298112719.2
157833.140565 1331423160.31
158928.286562 1364927438.05
160031.031374 1398602271.92
161141.427725 1432423861.46
162259.528708 1466367919.93
163385.387781 1500409709.25
164519.058775 1534524076.0
165660.595895 1568685488.44
166810.05372 1602868074.46
167967.487209 1637045660.38
169132.951703 1671191810.45
170306.502925 1705279867.02
171488.196987 1739282991.26
172678.090388 1773174204.3
173876.240022 1806926428.73
175082.703174 1840512530.35
176297.537529 1873905360.06
177520.801172 1907077795.76
178752.55259 1940002784.27
179992.850678 1972653383.02
181241.754737 2005002801.54
182499.324482 2037024442.57
183765.620039 2068691942.77
185040.701954 2099979212.83
186324.631193 2130860477.0
187617.469144 2161310311.94
188919.277621 2191303684.69
190230.118867 2220815989.85
191550.055557 2249823085.72
192879.150802 2278301329.5
194217.468149 2306227611.28
195565.071587 2333579386.98
196922.025548 2360334709.97
198288.394913 2386472261.4
199664.245011 2411971379.25
201049.641626 2436812085.91
202444.650998 2460975114.32
203849.339825 2484441932.68
205263.775271 2507194767.56
206688.024963 2529216625.52
208122.156999 2550491313.05
209566.239948 2571003455.0
211020.342857 2590738511.3
212484.53525 2609682792.08
213958.887134 2627823471.1
215443.469003 2645148597.51
216938.351839 2661647106.0
218443.607115 2677308825.21
219959.306803 2692124484.5
221485.523373 2706085719.13
223022.329797 2719185073.73
224569.799554 2731416004.17
226128.006634 2742772877.88
227697.025538 2753250972.55
229276.931287 2762846473.29
230867.799419 2771556468.35
232469.705999 2779378943.23
234082.727618 2786312773.53
235706.9414 2792357716.21
237342.425002 2797514399.68
238989.256623 2801784312.43
240647.515002 2805169790.51
242317.279424 2807674003.73
243998.629726 2809300940.73
245691.646298 2810055392.92
247396.410089 2809942937.39
249113.002607 2808969918.82
250841.505928 2807143430.44
252582.002696 2804471294.09
254334.57613 2800962039.47
256099.310026 2796624882.65
257876.288759 2791469703.82
259665.597293 2785507024.4
261467.32118 2778747983.6
263281.546565 2771204314.41
265108.360191 2762888319.14
266947.849403 2753812844.47
268800.102154 2743991256.31
270665.207003 2733437414.16
272543.253128 2722165645.35
274434.330323 2710190719.08
276338.529005 2697527820.28
278255.940221 2684192523.4
280186.655646 2670200766.23
282130.767594 2655568823.63
284088.369018 2640313281.4
286059.553518 2624451010.29
288044.41534 2607999140.07
290043.049386 2590975033.91
292055.551218 2573396262.95
294082.017059 2555280581.15
296122.543799 2536645900.48
298177.229002 2517510266.51
300246.170909 2497891834.32
302329.468441 2477808844.88
304427.221206 2457279601.91
306539.529506 2436322449.2
308666.494334 2414955748.43
310808.217387 2393197857.56
312964.801067 2371067109.8
315136.348487 2348581793.1
317322.963473 2325760130.34
319524.750576 2302620260.0
321741.815068 2279180217.66
323974.262953 2255457917.94
326222.200971 2231471137.29
328485.736603 2207237497.29
330764.978074 2182774448.78
333060.034362 2158099256.55
335371.0152 2133228984.82
337698.031083 2108180483.32
340041.19327 2082970374.18
342400.613797 2057615039.42
344776.405473 2032130609.18
347168.681893 2006532950.65
349577.557436 1980837657.67
352003.14728 1955060041.02
354445.567397 1929215119.42
356904.934568 1903317611.15
359381.36638 1877381926.36
361874.981241 1851422160.07
364385.898376 1825452085.74
366914.23784 1799485149.51
369460.12052 1773534465.12
372023.668141 1747612809.29
374605.003275 1721732617.87
377204.249342 1695905982.42
379821.530619 1670144647.46
382456.972247 1644460008.23
385110.700233 1618863108.95
387782.841459 1593364641.67
390473.523689 1567974945.54
393182.875571 1542704006.69
395911.026647 1517561458.38
398658.107358 1492556581.84
401424.24905 1467698307.31
404209.58398 1442995215.68
407014.245322 1418455540.43
409838.367176 1394087169.95
412682.08457 1369897650.26
415545.533472 1345894188.07
418428.85079 1322083654.13
421332.174385 1298472586.93
424255.643072 1275067196.67
427199.396631 1251873369.49
430163.575811 1228896672.02
433148.322338 1206142356.08
436153.778921 1183615363.67
439180.08926 1161320332.16
442227.398051 1139261599.66
445295.850994 1117443210.54
448385.594802 1095868921.17
451496.777204 1074542205.78
454629.546953 1053466262.41
457784.053838 1032644019.04
460960.448683 1012078139.81
464158.883361 991771031.295
467379.510799 971724848.906
470622.484984 951941503.313
473887.960972 932422666.952
477176.094894 913169780.56
480487.043966 894184059.744
483820.966493 875466501.567
487178.021879 857017891.147
490558.370637 838838808.251
493962.174388 820929633.882
497389.595879 803290556.848
500840.798985 785921580.3
504315.948717 768822528.236
507815.211233 751993051.959
511338.753841 735432636.494
514886.745014 719140606.931
518459.354389 703116134.719
522056.752785 687358243.881
525679.112202 671865817.158
529326.605836 656637602.065
532999.408084 641672216.873
536697.694554 626968156.484
540421.642071 612523798.228
544171.428687 598337407.547
547947.23369 584407143.588
551749.237613 570731064.684
555577.62224 557307133.726
559432.570617 544133223.43
563314.26706 531207121.487
567222.897164 518526535.597
571158.647813 506089098.388
575121.707184 493892372.22
579112.264764 481933853.861
583130.511353 470210979.052
587176.639073 458721126.946
591250.841383 447461624.427
595353.313081 436429750.305
599484.250319 425622739.392
603643.850608 415037786.459
607832.31283 404672050.061
612049.837248 394522656.256
616296.625513 384586702.191
620572.880678 374861259.574
624878.807201 365343378.03
629214.610961 356030088.335
633580.499266 346918405.535
637976.680861 338005331.953
642403.365939 329287860.078
646860.766155 320762975.345
651349.094627 312427658.806
655868.565957 304278889.689
660419.396233 296313647.849
665001.803043 288528916.123
669616.005485 280921682.572
674262.224178 273488942.625
678940.68127 266227701.126
683651.600451 259134974.285
688395.206965 252207791.527
693171.727616 245443197.257
697981.390783 238838252.529
702824.426431 232390036.63
707701.066118 226095648.574
712611.543011 219952208.515
717556.091894 213956859.079
722534.949179 208106766.613
727548.35292 202399122.36
732596.542822 196831143.558
737679.760253 191400074.467
742798.248256 186103187.321
747952.251562 180937783.22
753142.016597 175901192.949
758367.7915 170990777.734
763629.826128 166203929.94
768928.372076 161538073.702
774263.682681 156990665.509
779636.013041 152559194.722
785045.62002 148241184.044
790492.76227 144034189.94
795977.700231 139935802.999
801500.696157 135943648.261
807062.014115 132055385.486
812661.920009 128268709.389
818300.681587 124581349.827
823978.568453 120991071.948
829695.852083 117495676.299
835452.805838 114092998.906
841249.704974 110780911.306
847086.826656 107557320.553
852964.449974 104420169.197
858882.855955 101367435.22
864842.327573 98397131.9552
870843.149769 95507307.974
876885.609459 92696046.9451
882969.995549 89961467.4735
889096.598953 87301722.9142
895265.7126 84715001.1644
901477.631452 82199524.4356
907732.652521 79753549.0061
914031.074876 77375364.9558
920373.199662 75063295.8838
926759.330115 72815698.6104
933189.771573 70630962.8646
939664.831495 68507510.9577
946184.819472 66443797.4441
952750.047243 64438308.771
959360.828709 62489562.9167
966017.479952 60596109.0196
972720.319245 58756526.9977
979469.66707 56969427.1605
986265.846131 55233449.8129
993109.181375 53547264.8531
1000000.0 51909571.3641
1006938.63148 50319097.2003
1013925.40756 48774598.5697
1020960.66231 47274859.6119
1028044.73209 45818691.973
1035177.95563 44404934.378
1042360.67398 43032452.2006
1049593.23056 41700137.0317
1056875.97118 40406906.2473
1064209.24406 39151702.5744
1071593.39982 37933493.6584
1079028.79152 36751271.6295
1086515.77465 35604052.6703
1094054.70721 34490876.5845
1101645.94963 33410806.367
1109289.8649 32362927.7751
1116986.81847 31346348.903
1124737.17836 30360199.7577
1132541.31515 29403631.838
1140399.60197 28475817.716
1148312.41454 27575950.6228
1156280.13121 26703244.0361
1164303.13292 25856931.2731
1172381.80329 25036265.0855
1180516.52857 24240517.2604
1188707.69771 23468978.2236
1196955.70236 22720956.6486
1205260.93687 21995779.0693
1213623.79834 21292789.4975
1222044.68663 20611349.0459
1230524.00436 19950835.5543
1239062.15695 19310643.2228
1247659.55263 18690182.2481
1256316.60247 18088878.4666
1265033.7204 17506173.0015
1273811.32319 16941521.9155
1282649.83053 16394395.8695
1291549.66501 15864279.785
1300511.25217 15350672.5141
1309535.02048 14853086.5127
1318621.40139 14371047.5205
1327770.82936 13904094.2462
1336983.74182 13451778.0579
1346260.5793 13013662.6787
1355601.78533 12589323.8888
1365007.80655 12178349.2315
1374479.09268 11780337.7258
1384016.09657 11394899.584
1393619.27422 11021655.9347
1403289.08479 10660238.5507
1413025.9906 10310289.5832
1422830.45721 9971461.29994
1432702.95341 9643415.82995
1442643.95122 9325824.91234
1452653.92595 9018369.65084
1462733.3562 8720740.2733
1472882.72391 8432635.89612
1483102.51434 8153764.29379
1493393.21612 7883841.67329
1503755.3213 7622592.45333
1514189.3253 7369749.04844
1524695.72702 7125051.65783
1535275.02878 6888248.05885
1545927.73642 6659093.40514
1556654.35927 6437350.02931
1567455.41021 6222787.25008
1578331.40565 6015181.18392
1589282.86562 5814314.56095
1600310.31374 5619976.54517
1611414.27725 5431962.55893
1622595.28708 5250074.11149
1633853.87781 5074118.6317
1645190.58775 4903909.30469
1656605.95895 4739264.91245
1668100.5372 4580009.67834
1679674.87209 4425973.11539
1691329.51703 4276989.87824
1703065.02925 4132899.6189
1714881.96987 3993546.84592
1726780.90388 3858780.78725
1738762.40022 3728455.25641
1750827.03174 3602428.52216
1762975.37529 3480563.18138
1775208.01172 3362726.03529
1787525.5259 3248787.96882
1799928.50678 3138623.83306
1812417.54737 3032112.33082
1824993.24482 2929135.90514
1837656.20039 2829580.63073
1850407.01954 2733336.1083
1863246.31193 2640295.36161
1876174.69144 2550354.73734
1889192.77621 2463413.8076
1902301.18867 2379375.27501
1915500.55557 2298144.88044
1928791.50802 2219631.31313
1942174.68149 2143746.12332
1955650.71587 2070403.63725
1969220.25548 1999520.87446
1982883.94913 1931017.4674
1996642.45011 1864815.58322
2010496.41626 1800839.84777
2024446.50998 1739017.27165
2038493.39825 1679277.17835
2052637.75271 1621551.13445
2066880.24963 1565772.88168
2081221.56999 1511878.27098
2095662.39948 1459805.19839
2110203.42857 1409493.54275
2124845.3525 1360885.10515
2139588.87134 1313923.55021
2154434.69003 1268554.34891
2169383.51839 1224724.72312
2184436.07115 1182383.59179
2199593.06803 1141481.51854
2214855.23373 1101970.66096
2230223.29797 1063804.72119
2245697.99554 1026938.89811
2261280.06634 991329.840806
2276970.25538 956935.603455
2292769.31287 923715.60153
2308677.99419 891630.569285
2324697.05999 860642.518499
2340827.27618 830714.698447
2357069.414 801811.557046
2373424.25002 773898.703173
2389892.56623 746942.870099
2406475.15002 720911.880013
2423172.79424 695774.609618
2439986.29726 671500.956752
2456916.46298 648061.808024
2473964.10089 625429.007416
2491130.02607 603575.325843
2508415.05928 582474.431633
2525820.02696 562100.861901
2543345.7613 542429.994805
2560993.10026 523438.022632
2578762.88759 505101.925726
2596655.97293 487399.447195
2614673.2118 470309.068417
2632815.46565 453809.985277
2651083.60191 437882.085154
2669478.49403 422505.924609
2688001.02154 407662.707769
2706652.07003 393334.265377
2725432.53128 379503.034496
2744343.30323 366152.038842
2763385.29005 353264.869735
2782559.40221 340825.667638
2801866.55646 328819.104282
2821307.67594 317230.365341
2840883.69018 306045.133664
2860595.53518 295249.57302
2880444.1534 284830.312369
2900430.49386 274774.430621
2920555.51218 265069.441876
2940820.17059 255703.28114
2961225.43799 246664.290482
2981772.29002 237941.205643
3002461.70909 229523.143061
3023294.68441 221399.587315
3044272.21206 213560.378971
3065395.29506 205995.70281
3086664.94334 198696.076437
3108082.17387 191652.339258
3129648.01067 184855.641807
3151363.48487 178297.435413
3173229.63473 171969.462209
3195247.50576 165863.745454
3217418.15068 159972.580174
3239742.62953 154288.524101
3262222.00971 148804.388907
3284857.36603 143513.231723
3307649.78074 138408.346933
3330600.34362 133483.258235
3353710.152 128731.710956
3376980.31083 124147.664628
3400411.9327 119725.285792
3424006.13797 115458.941048
3447764.05473 111343.190331
3471686.81893 107372.7804
3495775.57436 103542.63855
3520031.4728 99847.8665215
3544455.67397 96283.7346201
3569049.34568 92845.676019
3593813.6638 89529.2812569
3618749.81241 86330.2929137
3643858.98376 83244.6004634
3669142.3784 80268.2352964
3694601.2052 77397.3659072
3720236.68141 74628.2932405
3746050.03275 71957.4461928
3772042.49342 69381.3772625
3798215.30619 66896.7583446
3824569.72247 64500.3766659
3851107.00233 62189.1308548
3877828.41459 59960.0271427
3904735.23689 57810.1756916
3931828.75571 55736.7870449
3959110.26647 53737.1686966
3986581.07358 51808.7217751
4014242.4905 49948.9378385
4042095.8398 48155.3957771
4070142.45322 46425.7588198
4098383.67176 44757.7716414
4126820.8457 43149.2575667
4155455.33472 41598.115869
4184288.5079 40102.3191595
4213321.74385 38659.910865
4242556.43072 37269.0027898
4271993.96631 35927.7727613
4301635.75811 34634.4623541
4331483.22338 33387.3746913
4361537.78921 32184.872321
4391800.8926 31025.3751636
4422273.98051 29907.3585296
4452958.50994 28829.3512043
4483855.94802 27789.9335977
4514967.77204 26787.7359573
4546295.46953 25821.4366414
4577840.53838 24889.7604519
4609604.48683 23991.4770232
4641588.83361 23125.3992664
4673795.10799 22290.3818665
4706224.84984 21485.3198311
4738879.60972 20709.1470887
4771760.94894 19960.8351343
4804870.43966 19239.3917226
4838209.66493 18543.8596048
4871780.21879 17873.3153093
4905583.70637 17226.8679645
4939621.74388 16603.6581608
4973895.95879 16002.8568534
5008407.98985 15423.6643016
5043159.48717 14865.3090448
5078152.11233 14327.0469141
5113387.53841 13808.1600779
5148867.45014 13307.9561198
5184593.54389 12825.7671493
5220567.52785 12360.9489424
5256791.12202 11912.880112
5293266.05836 11480.9613074
5329994.08084 11064.6144413
5366976.94554 10663.2819429
5404216.42071 10276.4260381
5441714.28687 9903.52805372
5479472.3369 9544.08774583
5517492.37613 9197.62265203
5555776.2224 8863.66746562
5594325.70617 8541.7734318
5633142.6706 8231.50776473
5672228.97164 7932.45308491
5711586.47813 7644.20687616
5751217.07184 7366.38096144
5791122.64764 7098.60099697
5831305.11353 6840.505984
5871766.39073 6591.74779757
5912508.41383 6351.9907317
5953533.13081 6120.91106053
5994842.50319 5898.1966147
6036438.50608 5683.54637259
6078323.1283 5476.67006587
6120498.37248 5277.28779876
6162966.25513 5085.12968073
6205728.80678 4899.935472
6248788.07201 4721.45424145
6292146.10961 4549.44403658
6335804.99266 4383.67156497
6379766.80861 4223.91188702
6424033.65939 4069.94811935
6468607.66155 3921.57114872
6513490.94627 3778.579356
6558685.65957 3640.77834975
6604193.96233 3507.9807093
6650018.03043 3380.00573678
6696160.05485 3256.67921789
6742622.24178 3137.83319117
6789406.8127 3023.30572533
6836516.00451 2912.94070442
6883952.06965 2806.58762065
6931717.27616 2704.10137447
6979813.90783 2605.34208168
7028244.26431 2510.17488748
7077010.66118 2418.46978691
7126115.43011 2330.10145178
7175560.91894 2244.94906366
7225349.49179 2162.8961528
7275483.5292 2083.83044274
7325965.42822 2007.6437004
7376797.60253 1934.23159154
7427982.48256 1863.49354131
7479522.51562 1795.33259969
7531420.16597 1729.65531184
7583677.915 1666.37159289
7636298.26128 1605.39460728
7689283.72076 1546.64065236
7742636.82681 1490.02904614
7796360.13041 1435.48201894
7850456.2002 1382.92460904
7904927.6227 1332.28456193
7959777.00231 1283.49223314
8015006.96157 1236.48049466
8070620.14115 1191.18464449
8126619.20009 1147.54231959
8183006.81587 1105.49341185
8239785.68453 1064.97998703
8296958.52083 1025.94620669
8354528.05838 988.338252764
8412497.04974 952.104254972
8470868.26656 917.194220711
8529644.49974 883.559967505
8588828.55955 851.155057853
8648423.27573 819.934736409
8708431.49769 789.855869399
8768856.09459 760.876886212
8829699.95549 732.957723079
8890965.98953 706.059768764
8952657.126 680.145812199
9014776.31452 655.179991996
9077326.52521 631.127747768
9140310.74876 607.955773187
9203731.99662 585.631970731
9267593.30115 564.125408054
9331897.71573 543.406275911
9396648.31495 523.445847604
9461848.19472 504.216439873
9527500.47243 485.6913752
9593608.28709 467.844945455
9660174.79952 450.65237686
9727203.19245 434.089796198
9794696.6707 418.13419825
9862658.46131 402.763414394
9931091.81375 387.956082329
10000000.0 373.691616903
