# This file was generated by Iris, the VAO SED building and analysis tool
#
# File created on Fri Dec 18 14:14:23 EST 2015
#
#
# TARGET = SFGs z~1
# RA = NaN
# DEC = NaN
# XUNIT = μm
# YUNIT = mJy
#
# x y y_err

9.71659919028 0.34333 0.0063999998383224
9.75609756098 0.27305999999999997 0.0066999997943639755
9.87654320988 0.90882 0.007899999618530272
10.5726872247 0.76272 0.007499999832361937
10.7142857143 0.78176 0.008799999952316284
10.7623318386 0.4905999999999997 0.008200000040233135
10.8108108108 0.9856799999999993 0.005499999970197676
11.1627906977 0.9696499999999997 0.008799999952316284
11.4285714286 0.24149999999999996 0.006899999920278787
11.4285714286 1.2579 0.007899999618530272
11.5942028986 0.6955199999999997 0.0063999998383224
11.7073170732 0.54735 0.005799999926239251
11.7647058824 0.45084 0.007899999618530272
11.7647058824 0.41003999999999974 0.007199999876320362
11.7647058824 0.43247999999999975 0.0076000001281499845
11.8811881188 1.1736199999999994 0.008999999612569809
11.9402985075 1.4672999999999994 0.01269999984651804
12.0603015075 0.49153 0.008799999952316284
12.1827411168 1.9522699999999993 0.008799999952316282
12.1827411168 0.56736 0.006200000178068875
12.1827411168 0.39399999999999996 0.0071000000461936
12.2448979592 0.45472000000000007 0.0082999998703599
12.2448979592 0.5076399999999999 0.005599999800324439
12.2448979592 0.84084 0.007300000172108412
12.3076923077 1.0003499999999996 0.007499999832361937
12.3076923077 1.3552499999999992 0.01150000002235174
12.3076923077 0.7097999999999995 0.005499999970197676
12.3711340206 0.65572 0.006099999882280827
12.3711340206 0.4869399999999997 0.008899999782443045
12.5654450262 0.7067 0.0063999998383224
12.6315789474 0.6630999999999997 0.006000000052154064
12.7659574468 1.03964 0.013000000268220901
12.9032258065 1.6107600000000002 0.010300000198185444
12.9032258065 0.5412599999999995 0.008700000122189524
12.972972973 0.9286999999999999 0.007699999958276748
13.0434782609 1.3984 0.008200000040233135
13.0434782609 1.07088 0.011400000192224978
13.0434782609 0.89056 0.006200000178068876
13.0434782609 0.9126399999999996 0.006599999964237213
13.114754098399999 0.52155 0.006200000178068875
13.114754098399999 0.3367199999999999 0.006500000134110451
13.1868131868 0.81172 0.00930000003427267
13.333333333300002 0.6695999999999996 0.006200000178068875
13.4078212291 1.53761 0.010800000280141827
13.4831460674 0.33998 0.007199999876320362
13.7931034483 0.95526 0.007499999832361937
13.7931034483 0.8195399999999997 0.00800000037997961
13.8728323699 0.7975299999999996 0.00779999978840351
14.371257485000001 0.6179 0.006399999838322401
14.371257485000001 0.27054000000000006 0.005700000096112489
14.634146341500001 1.2152399999999997 0.007100000046193598
14.634146341500001 1.189 0.006800000090152024
14.634146341500001 2.05 0.010099999606609344
14.634146341500001 0.9315199999999996 0.012400000356137749
15.0 1.1296 0.007600000128149985
15.3846153846 0.18563999999999997 0.00719999987632036
15.686274509800002 0.18054 0.0071000000461936
16.3265306122 0.49539 0.010900000110268591
16.3265306122 1.42737 0.010900000110268591
16.4383561644 0.61174 0.008899999782443045
16.4383561644 1.1417199999999994 0.00839999970048666
16.5517241379 1.0120999999999998 0.009999999776482582
17.1428571429 1.0681999999999998 0.00800000037997961
17.6470588235 0.28151999999999994 0.007400000002235174
18.320610687 1.3755 0.01020000036805868
28.8065843621 13.6566 0.7099999785423278
30.8370044053 15.912699999999989 0.7300000190734862
31.25 5.3984 0.6999999880790709
31.5315315315 29.303999999999995 0.6600000262260437
32.5581395349 11.480999999999998 0.6800000071525573
33.3333333333 5.67 0.49999999999999994
33.8164251208 4.1814 0.8299999833106995
34.1463414634 4.3255 0.5099999904632567
34.3137254902 4.386 0.5199999809265137
34.6534653465 5.5348 0.6499999761581421
35.5329949239 10.598599999999994 0.6800000071525574
35.7142857143 5.448799999999999 0.7799999713897703
35.8974358974 4.68 0.6999999880790708
35.8974358974 5.733 0.6999999880790708
36.0824742268 4.985799999999998 0.7200000286102295
36.8421052632 5.6049999999999995 0.5500000119209288
37.6344086022 8.481599999999997 0.6299999952316283
37.6344086022 4.426799999999998 0.9800000190734861
38.0434782609 4.783999999999999 0.6200000047683716
38.0434782609 3.4591999999999983 0.6600000262260437
38.0434782609 2.2448 0.6299999952316284
38.2513661202 6.624600000000002 0.8100000023841857
38.4615384615 4.313399999999997 0.9700000286102295
39.1061452514 25.41799999999999 0.709999978542328
40.2298850575 2.8535999999999992 0.75
40.2298850575 25.92599999999998 0.790000021457672
40.4624277457 5.726299999999999 0.6200000047683717
40.4858299595 7.3359000000000005 0.3300000131130218
41.1522633745 35.6238 0.40999999642372126
41.9161676647 5.494299999999999 0.6100000143051147
42.6829268293 9.069199999999997 0.6999999880790709
42.6829268293 18.203999999999997 0.7200000286102295
42.6829268293 18.203999999999997 0.7200000286102295
42.6829268293 7.1012 0.6000000238418578
43.75 16.48 0.6899999976158142
44.0528634361 36.63779999999999 0.3199999928474426
44.6428571429 17.6736 0.2899999916553497
44.8430493274 11.685199999999998 0.30000001192092896
45.045045045 75.92399999999996 0.6600000262260437
45.7516339869 3.1058999999999997 0.8299999833106995
46.511627907 28.444499999999987 0.4199999868869781
47.619047619 9.4227 0.6700000166893005
47.619047619 23.961 0.7699999809265136
47.619047619 4.724999999999998 0.28000000119209284
47.619047619 16.611 0.3400000035762787
47.9452054795 3.7813999999999997 0.6200000047683716
47.9452054795 9.241799999999998 0.5699999928474425
48.275862069 19.139999999999997 0.6600000262260437
48.309178744 10.5777 0.6600000262260437
48.7804878049 11.069999999999993 0.21999999880790708
49.0196078431 10.3836 0.21999999880790708
49.0196078431 9.771599999999998 0.37000000476837164
49.0196078431 6.5484 0.9800000190734861
49.504950495 17.210399999999982 0.540000021457672
49.7512437811 15.2358 0.24999999999999997
50.0 4.284 0.7300000190734861
50.2512562814 5.392900000000001 0.2300000041723251
50.7614213198 35.0857 0.40999999642372126
50.7614213198 4.5704 0.23999999463558197
50.7614213198 9.436299999999994 0.25
51.2820512821 0.8189999999999994 10.329999923706055
51.2820512821 8.736 0.34999999403953547
51.2820512821 10.451999999999996 0.37999999523162836
51.4705882353 3.957599999999997 0.540000021457672
51.5463917526 4.2098 0.3600000143051147
52.3560209424 4.335700000000001 0.4099999964237213
52.6315789474 9.861 0.3100000023841858
53.19148936169999 8.572799999999996 0.40999999642372126
53.435114503799994 18.209 0.6800000071525573
53.7634408602 20.4414 0.3199999928474426
54.0540540541 11.211000000000004 0.31000000238418585
54.347826087 13.855199999999996 0.3499999940395354
54.347826087 15.0328 0.4900000095367431
54.347826087 11.371199999999998 0.37999999523162836
54.347826087 4.9864 0.3100000023841858
55.555555555599994 12.365999999999996 0.4000000059604644
55.865921787699996 50.7823 0.4600000083446502
57.47126436780001 15.224999999999994 0.3000000119209289
57.47126436780001 42.595200000000006 2.670000076293945
57.80346820809999 20.48319999999999 0.21999999880790708
59.880239521 12.324599999999993 0.2300000041723251
59.880239521 7.0139999999999985 0.33000001311302185
60.975609756100006 26.9944 0.27000001072883606
60.975609756100006 34.47279999999999 0.40000000596046437
60.975609756100006 49.888799999999996 0.75
60.975609756100006 21.566 0.8799999952316283
64.7773279352 22.847499999999993 0.9599999785423279
65.8436213992 52.3179 0.6399999856948853
68.0272108844 19.683299999999996 0.30000001192092896
68.0272108844 42.468299999999985 0.30000001192092896
68.4931506849 13.256799999999997 0.37999999523162836
68.4931506849 16.6148 0.2300000041723251
68.9655172414 35.2495 0.6200000047683716
70.4845814978 54.956699999999984 0.6399999856948853
71.4285714286 37.83359999999999 0.7699999809265136
71.4285714286 22.357999999999997 0.4499999880790711
71.7488789238 25.5558 1.480000019073486
72.0720720721 141.2142 1.7100000381469724
73.5294117647 7.1536 0.20000000298023224
74.4186046512 52.15899999999999 1.8700000047683716
76.1904761905 9.638999999999998 1.2400000095367432
76.1904761905 28.119 0.7200000286102295
76.3358778626 41.4746 0.6200000047683717
77.2946859903 22.2318 1.789999961853027
78.0487804878 24.3745 1.3300000429153442
78.431372549 22.644 0.9300000071525573
78.431372549 24.296399999999988 1.100000023841858
79.2079207921 33.41079999999998 0.6999999880790709
79.6019900498 39.97889999999998 0.7200000286102295
80.4020100503 9.731099999999998 0.9800000190734863
81.2182741117 76.31779999999999 1.3799999952316286
81.2182741117 13.553600000000001 1.240000009536743
81.2182741117 15.090199999999998 1.2999999523162842
82.0512820513 23.166 0.9800000190734862
82.0512820513 21.488999999999994 0.9499999880790709
82.4742268041 12.668200000000002 0.4900000095367431
83.7696335079 14.897999999999994 0.8399999737739562
84.2105263158 16.96699999999999 1.1100000143051147
85.1063829787 20.9432 0.9399999976158141
86.0215053763 39.80399999999998 0.7099999785423279
86.4864864865 23.273 1.0700000524520872
86.9565217391 18.768 1.2200000286102293
86.9565217391 28.52 0.8299999833106994
86.9565217391 22.54 0.5500000119209288
86.9565217391 10.856 0.8799999952316283
88.8888888889 12.293999999999999 1.0099999904632566
89.3854748603 74.10600000000001 0.8600000143051149
91.9540229885 31.424399999999984 1.0599999427795408
91.9540229885 52.0434 5.78000020980835
92.4855491329 50.68899999999997 0.9300000071525573
95.8083832335 22.99589999999999 1.2799999713897705
95.8083832335 16.7835 1.0299999713897703
97.5609756098 54.69399999999999 0.7300000190734863
97.5609756098 44.2964 0.8199999928474427
97.5609756098 57.072 0.7900000214576719
97.5609756098 26.617199999999993 1.8200000524520876
101.214574899 35.7162 2.2200000286102286
101.62601626 30.4302 2.3900001049041744
102.880658436 50.811299999999996 1.7699999809265137
104.575163399 4.590000000000001 1.9999999999999998
108.843537415 35.50049999999998 0.6200000047683716
108.843537415 47.025300000000016 1.4199999570846558
109.589041096 17.227999999999994 1.1100000143051147
109.589041096 12.629 0.6899999976158143
110.13215859 46.2853 1.2499999999999998
110.344827586 49.8945 1.3600000143051145
111.607142857 56.022400000000005 1.7999999523162844
112.612612613 138.74999999999994 1.6200000047683714
114.285714286 37.184 0.8600000143051145
116.279069767 72.9065 4.900000095367432
117.647058824 7.425599999999999 1.2000000476837158
119.04761904800002 13.65 1.9999999999999996
119.04761904800002 35.805 2.4800000190734863
120.77294686 21.27959999999999 2.660000085830689
121.95121951200001 35.137 3.220000028610229
122.13740458 65.21179999999998 1.4800000190734863
122.549019608 28.600799999999996 2.460000038146972
122.549019608 31.456799999999994 3.319999933242798
122.549019608 34.782 2.6800000667572017
123.762376238 40.8848 1.8700000047683718
124.378109453 63.53609999999998 2.049999952316284
125.62814070399999 13.333 3.1199998855590816
126.903553299 66.36929999999997 2.109999895095825
126.903553299 21.3548 2.9400000572204585
126.903553299 34.9281 3.6600000858306876
127.551020408 17.248 2.0
127.551020408 14.504 2.0
127.551020408 24.8332 2.2699999809265132
128.205128205 41.261999999999986 2.2400000095367427
128.865979381 17.32419999999999 1.3600000143051147
128.865979381 15.908 2.3699998855590816
130.890052356 28.573599999999995 1.5
131.578947368 19.893 2.240000009536743
132.978723404 66.92799999999995 1.9999999999999998
134.408602151 43.44959999999999 2.059999942779541
134.408602151 20.99939999999999 2.289999961853027
135.135135135 17.6675 1.570000052452087
135.869565217 26.4224 2.740000009536743
135.869565217 36.799999999999976 2.0
135.869565217 28.391199999999994 4.449999809265136
135.869565217 13.284799999999997 2.150000095367431
136.612021858 13.724999999999994 2.0
136.612021858 32.09819999999999 2.27999997138977
137.362637363 36.8368 2.240000009536743
138.888888889 21.077999999999992 3.940000057220458
139.664804469 55.4363 1.6799999475479124
140.449438202 15.752999999999997 3.119999885559081
141.700404858 18.74729999999999 1.2400000095367432
142.276422764 26.7402 2.4400000572204585
143.67816092 25.856399999999997 2.619999885559082
143.67816092 40.9944 4.659999847412109
144.032921811 30.132 1.9099999666213987
144.50867052 74.39 2.5199999809265132
149.700598802 26.9538 2.4999999999999996
149.700598802 24.61579999999999 2.759999990463257
152.43902439 60.4996 0.9399999976158141
152.43902439 36.3916 1.5599999427795408
152.43902439 39.27799999999998 2.4200000762939453
152.43902439 23.894799999999993 2.3399999141693115
154.185022026 27.784799999999986 3.450000047683715
156.25 40.65599999999998 2.349999904632568
156.25 22.240000000000002 3.3199999332427974
157.657657658 101.232 1.340000033378601
160.256410256 9.1884 1.9299999475479124
162.790697674 49.9875 9.300000190734863
163.39869281 8.415 1.9999999999999998
166.666666667 10.709999999999999 1.9999999999999998
166.666666667 27.173999999999996 2.9500000476837154
169.082125604 13.475699999999993 2.680000066757202
170.068027211 30.282000000000004 2.0199999809265132
170.068027211 46.4667 1.0499999523162842
170.731707317 24.47699999999999 2.430000066757202
171.232876712 33.57999999999999 1.9999999999999998
171.232876712 8.9644 3.640000104904175
171.568627451 10.914000000000001 2.0
171.568627451 21.766800000000003 2.630000114440918
171.568627451 24.72479999999999 3.0799999237060547
171.568627451 27.5196 3.0
172.413793103 35.96000000000001 2.930000066757202
173.267326733 22.98759999999999 1.2100000381469722
174.129353234 49.104299999999974 1.559999942779541
174.129353234 14.773499999999999 2.3199999332427983
175.879396985 8.636599999999998 3.0000000000000004
177.664974619 47.5952 1.659999966621399
177.664974619 19.798499999999997 2.7999999523162837
177.664974619 24.27039999999999 2.930000066757202
178.571428571 37.282 1.9199999570846555
178.571428571 14.01399999999999 1.9999999999999998
178.571428571 11.132799999999998 3.200000047683716
178.571428571 9.212 1.9999999999999998
179.487179487 44.0115 2.1500000953674316
179.487179487 19.6365 2.7899999618530273
180.412371134 13.230799999999995 0.9499999880790709
180.412371134 12.415999999999999 2.0
183.246073298 15.4137 3.3900001049041744
183.823529412 7.8336 2.4000000953674316
184.210526316 12.958 3.230000019073486
186.170212766 64.84119999999996 4.71999979019165
188.172043011 17.9676 1.6399999856948853
188.172043011 24.179999999999993 1.9999999999999998
190.217391304 18.39999999999999 2.0
190.217391304 42.32 2.0
190.217391304 22.76079999999999 4.190000057220459
190.839694656 39.2738 2.039999961853027
191.256830601 17.201999999999998 1.9999999999999996
191.256830601 36.7281 2.4700000286102286
192.307692308 27.900599999999983 2.299999952316284
194.444444444 12.816 1.3999999761581416
195.530726257 30.823799999999984 2.630000114440918
196.629213483 17.5864 9.300000190734862
201.149425287 28.814399999999992 2.75
201.149425287 21.141 5.199999809265138
202.312138728 64.3041 2.3299999237060542
203.25203252 11.315999999999997 1.9999999999999996
205.761316872 0.9719999999999996 1.9999999999999998
209.580838323 17.4181 2.9300000667572017
209.580838323 18.33659999999999 3.0799999237060547
213.41463414599997 37.277199999999965 1.600000023841858
213.41463414599997 18.4828 1.389999985694885
213.41463414599997 16.7608 1.6900000572204588
218.75 12.175999999999997 4.380000114440916
220.26431718099997 15.889999999999997 1.9999999999999996
223.214285714 26.364799999999985 2.740000009536743
224.358974359 10.7016 1.9999999999999998
225.225225225 43.57859999999997 2.3299999237060547
232.55813953499998 19.35 2.0
238.095238095 26.459999999999997 1.9999999999999998
238.095238095 21.608999999999998 1.9800000190734866
238.095238095 5.2499999999999964 1.9999999999999998
238.095238095 11.759999999999993 5.179999828338623
239.726027397 26.279999999999987 1.9999999999999998
239.726027397 5.270600000000001 3.0499999523162837
241.379310345 16.82 1.9999999999999996
243.90243902400002 17.0355 2.460000038146972
245.098039216 4.284 1.9999999999999998
245.098039216 8.1396 6.199999809265137
245.098039216 21.93 2.859999895095825
245.098039216 20.604 3.319999933242798
247.52475247500004 25.451999999999998 2.0
248.75621890500003 29.6073 2.309999942779541
250.0 17.16399999999999 3.539999961853028
253.807106599 30.613799999999983 3.1300001144409175
253.807106599 2.9549999999999987 1.9999999999999996
253.807106599 16.685899999999993 3.2200000286102295
255.102040816 6.664 2.0
255.102040816 6.468 2.0
255.102040816 4.6648 2.0
256.41025641 29.25 1.9999999999999996
257.352941176 5.099999999999999 2.6500000953674316
257.731958763 15.519999999999992 2.0
257.731958763 6.595999999999999 2.0
261.780104712 16.425999999999995 1.9999999999999998
263.157894737 6.669 2.880000114440918
265.957446809 55.0652 4.05999994277954
267.175572519 19.4797 2.700000047683715
268.817204301 16.74 1.9999999999999998
268.817204301 13.764 1.9999999999999998
271.739130435 23.919999999999998 2.0000000000000004
271.739130435 20.350399999999997 3.6900000572204585
271.739130435 11.039999999999992 2.0000000000000004
273.224043716 12.261 2.0
273.224043716 39.894 3.1199998855590816
277.777777778 7.199999999999998 1.9999999999999996
280.898876404 4.8771999999999975 12.520000457763672
287.356321839 14.1114 3.2200000286102286
287.356321839 13.3284 8.4399995803833
289.01734104 26.123 5.639999866485595
299.401197605 9.6192 2.660000085830689
299.401197605 6.997299999999998 2.7799999713897705
304.87804878 9.479199999999999 1.8099999427795408
304.87804878 9.167599999999997 2.1700000762939453
304.87804878 2.4599999999999986 5.570000171661375
312.5 4.96 2.0000000000000004
320.512820513 3.9155999999999995 2.880000114440918
340.136054422 14.699999999999994 1.9999999999999998
342.465753425 11.679999999999996 1.9999999999999996
342.465753425 1.0219999999999998 1.9999999999999996
344.827586207 12.47 2.0
381.679389313 10.5062 6.619999885559081
